0	8.4337e-02	6.1953e+00
1	1.2781e+00	3.6308e-01
2	5.0617e-02	1.0232e-01
3	1.5603e-01	1.2470e-01
4	1.7864e-01	8.6597e-02
5	1.3399e-01	6.3011e-01
6	6.0263e-02	3.5198e-01
7	4.6965e-02	1.5620e-01
8	5.2146e-02	2.1900e-01
9	4.6902e-02	4.6823e-01
10	5.2992e-02	2.2807e-01
11	4.6499e-02	1.7551e-01
12	4.9718e-02	2.5686e-01
13	4.5874e-02	3.9316e-01
14	4.9568e-02	2.7501e-01
15	4.5853e-02	1.8924e-01
16	4.8376e-02	2.2172e-01
17	4.6547e-02	3.3731e-01
18	4.7278e-02	3.1908e-01
19	4.6716e-02	1.9400e-01
20	4.7897e-02	2.4353e-01
21	4.5941e-02	3.0351e-01
22	4.6318e-02	2.9069e-01
23	4.6063e-02	2.3845e-01
24	4.6025e-02	2.2979e-01
25	4.6215e-02	2.6858e-01
26	4.5818e-02	2.9766e-01
27	4.6212e-02	2.6677e-01
28	4.5807e-02	2.3463e-01
29	4.6064e-02	2.4360e-01
30	4.5903e-02	2.7812e-01
31	4.5898e-02	2.8347e-01
32	4.5973e-02	2.5273e-01
33	4.5807e-02	2.3774e-01
34	4.5976e-02	2.5575e-01
35	4.5789e-02	2.7931e-01
36	4.5920e-02	2.6974e-01
37	4.5821e-02	2.4601e-01
38	4.5846e-02	2.4444e-01
39	4.5861e-02	2.6458e-01
40	4.5790e-02	2.7476e-01
41	4.5870e-02	2.5869e-01
42	4.5776e-02	2.4471e-01
43	4.5848e-02	2.5236e-01
44	4.5787e-02	2.6859e-01
45	4.5814e-02	2.6683e-01
46	4.5802e-02	2.5142e-01
47	4.5787e-02	2.4754e-01
48	4.5810e-02	2.5946e-01
49	4.5771e-02	2.6745e-01
50	4.5806e-02	2.5831e-01
51	4.5768e-02	2.4854e-01
52	4.5794e-02	2.5294e-01
53	4.5771e-02	2.1340e-01
54	4.6707e-02	3.7146e-01
55	4.9509e-02	2.5911e-01
56	4.5765e-02	1.8717e-01
57	4.8151e-02	2.1022e-01
58	4.6715e-02	3.0035e-01
59	4.6439e-02	3.2491e-01
60	4.7349e-02	1.8566e-01
61	4.8155e-02	2.7811e-01
62	4.5959e-02	2.7750e-01
63	4.5938e-02	2.5011e-01
64	4.5760e-02	2.3336e-01
65	4.5949e-02	2.3994e-01
66	4.5839e-02	2.6113e-01
67	4.5763e-02	2.7397e-01
68	4.5889e-02	2.0031e-01
69	4.7174e-02	3.2383e-01
70	4.7364e-02	2.9499e-01
71	4.6349e-02	2.3326e-01
72	4.5918e-02	2.0454e-01
73	4.6913e-02	2.1847e-01
74	4.6291e-02	2.6141e-01
75	4.5761e-02	2.9891e-01
76	4.6506e-02	2.8542e-01
77	4.6138e-02	2.4392e-01
78	4.5763e-02	2.1896e-01
79	4.6250e-02	2.2313e-01
80	4.6118e-02	2.5100e-01
81	4.5730e-02	2.8039e-01
82	4.6046e-02	2.7992e-01
83	4.6039e-02	2.5312e-01
84	4.5726e-02	2.3031e-01
85	4.5924e-02	2.2753e-01
86	4.5980e-02	2.4388e-01
87	4.5743e-02	2.6468e-01
88	4.5802e-02	1.9306e-01
89	4.7426e-02	3.4799e-01
90	4.8895e-02	3.0388e-01
91	4.6789e-02	2.2773e-01
92	4.5946e-02	1.9342e-01
93	4.7431e-02	2.0043e-01
94	4.6988e-02	2.3792e-01
95	4.5771e-02	2.8604e-01
96	4.6243e-02	3.0338e-01
97	4.6823e-02	2.7611e-01
98	4.6004e-02	2.3878e-01
99	4.5757e-02	2.1648e-01
100	4.6244e-02	2.1407e-01
101	4.6328e-02	2.2868e-01
102	4.5901e-02	2.5321e-01
103	4.5712e-02	2.7471e-01
104	4.5993e-02	2.7968e-01
105	4.6111e-02	2.6672e-01
106	4.5847e-02	2.4694e-01
107	4.5701e-02	2.3168e-01
108	4.5836e-02	2.2608e-01
109	4.5947e-02	2.3044e-01
110	4.5855e-02	2.4204e-01
111	4.5716e-02	2.5568e-01
112	4.5725e-02	2.6496e-01
113	4.5827e-02	2.6555e-01
114	4.5837e-02	2.5812e-01
115	4.5745e-02	2.4736e-01
116	4.5697e-02	2.3839e-01
117	4.5739e-02	2.3436e-01
118	4.5784e-02	2.3603e-01
119	4.5761e-02	2.4217e-01
120	4.5708e-02	2.5003e-01
121	4.5696e-02	2.5623e-01
122	4.5729e-02	2.5812e-01
123	4.5746e-02	2.5524e-01
124	4.5721e-02	2.4936e-01
125	4.5693e-02	2.4328e-01
126	4.5696e-02	2.3941e-01
127	4.5717e-02	2.3893e-01
128	4.5719e-02	2.4164e-01
129	4.5700e-02	2.4618e-01
130	4.5686e-02	2.5053e-01
131	4.5693e-02	2.5282e-01
132	4.5704e-02	2.5217e-01
133	4.5699e-02	2.4908e-01
134	4.5686e-02	2.4510e-01
135	4.5681e-02	2.4193e-01
136	4.5687e-02	2.4075e-01
137	4.5691e-02	2.4178e-01
138	4.5685e-02	2.4436e-01
139	4.5676e-02	2.4721e-01
140	4.5676e-02	2.4900e-01
141	4.5679e-02	2.4891e-01
142	4.5678e-02	2.4709e-01
143	4.5672e-02	2.4447e-01
144	4.5668e-02	2.4225e-01
145	4.5669e-02	2.4131e-01
146	4.5669e-02	2.4189e-01
147	4.5665e-02	2.4354e-01
148	4.5660e-02	2.4531e-01
149	4.5659e-02	2.4627e-01
150	4.5659e-02	2.4593e-01
151	4.5656e-02	2.4451e-01
152	4.5652e-02	2.4272e-01
153	4.5649e-02	2.4141e-01
154	4.5648e-02	2.4113e-01
155	4.5645e-02	2.4186e-01
156	4.5641e-02	2.4309e-01
157	4.5637e-02	2.4405e-01
158	4.5635e-02	2.4419e-01
159	4.5632e-02	2.4342e-01
160	4.5628e-02	2.4221e-01
161	4.5624e-02	2.4120e-01
162	4.5622e-02	2.4079e-01
163	4.5618e-02	2.4111e-01
164	4.5613e-02	2.4165e-01
165	4.5609e-02	2.4182e-01
166	4.5605e-02	2.4123e-01
167	4.5600e-02	2.3999e-01
168	4.5594e-02	2.3869e-01
169	4.5589e-02	2.3790e-01
170	4.5583e-02	2.3783e-01
171	4.5577e-02	2.3819e-01
172	4.5570e-02	2.3837e-01
173	4.5564e-02	2.3792e-01
174	4.5556e-02	2.3694e-01
175	4.5548e-02	2.3603e-01
176	4.5540e-02	2.3568e-01
177	4.5531e-02	2.3591e-01
178	4.5521e-02	2.3642e-01
179	4.5511e-02	2.3629e-01
180	4.5502e-02	2.3522e-01
181	4.5489e-02	2.3384e-01
182	4.5477e-02	2.3291e-01
183	4.5463e-02	2.3262e-01
184	4.5447e-02	2.3247e-01
185	4.5431e-02	2.3154e-01
186	4.5414e-02	2.2960e-01
187	4.5394e-02	2.2781e-01
188	4.5374e-02	2.2660e-01
189	4.5351e-02	2.2582e-01
190	4.5326e-02	2.2441e-01
191	4.5300e-02	2.2240e-01
192	4.5270e-02	2.2040e-01
193	4.5239e-02	2.1922e-01
194	4.5203e-02	2.1837e-01
195	4.5164e-02	2.1621e-01
196	4.5122e-02	2.1337e-01
197	4.5076e-02	2.1116e-01
198	4.5026e-02	2.0969e-01
199	4.4972e-02	2.0759e-01
200	4.4914e-02	2.0412e-01
201	4.4851e-02	2.0053e-01
202	4.4786e-02	1.9806e-01
203	4.4716e-02	1.9561e-01
204	4.4646e-02	1.9110e-01
205	4.4576e-02	1.8734e-01
206	4.4506e-02	1.8439e-01
207	4.4438e-02	1.8093e-01
208	4.4372e-02	1.7724e-01
209	4.4313e-02	1.7412e-01
210	4.4260e-02	1.7213e-01
211	4.4214e-02	1.7050e-01
212	4.4178e-02	1.6864e-01
213	4.4151e-02	1.6661e-01
214	4.4131e-02	1.6667e-01
215	4.4113e-02	1.6743e-01
216	4.4106e-02	1.6745e-01
217	4.4097e-02	1.6808e-01
218	4.4088e-02	1.7086e-01
219	4.4076e-02	1.7345e-01
220	4.4066e-02	1.7465e-01
221	4.4055e-02	1.7722e-01
222	4.4045e-02	1.8058e-01
223	4.4031e-02	1.8156e-01
224	4.4005e-02	1.8232e-01
225	4.3975e-02	1.8448e-01
226	4.3945e-02	1.8567e-01
227	4.3932e-02	1.8377e-01
228	4.3894e-02	1.7996e-01
229	4.3896e-02	1.7916e-01
230	4.3867e-02	1.8009e-01
231	4.3832e-02	1.7942e-01
232	4.3818e-02	1.7734e-01
233	4.3795e-02	1.7672e-01
234	4.3765e-02	1.7871e-01
235	4.3730e-02	1.7487e-01
236	4.3720e-02	1.6906e-01
237	4.3677e-02	1.7222e-01
238	4.3548e-02	1.7138e-01
239	4.3509e-02	1.6234e-01
240	4.3530e-02	1.6345e-01
241	4.3494e-02	2.9196e-01
242	5.1120e-02	1.1898e-01
243	5.3511e-02	1.2573e-01
244	5.1275e-02	1.6367e-01
245	4.4426e-02	2.4992e-01
246	5.7470e-02	1.5155e-01
247	4.5030e-02	1.3373e-01
248	4.9313e-02	1.3159e-01
249	5.0292e-02	1.4238e-01
250	4.7087e-02	1.6672e-01
251	4.4418e-02	2.0701e-01
252	4.5609e-02	2.2988e-01
253	4.7409e-02	2.1514e-01
254	4.5787e-02	1.9459e-01
255	4.5110e-02	1.7872e-01
256	4.5826e-02	1.7480e-01
257	4.5779e-02	1.8015e-01
258	4.4770e-02	1.8391e-01
259	4.4672e-02	1.6615e-01
260	4.4193e-02	1.4766e-01
261	4.6032e-02	1.7254e-01
262	4.5026e-02	1.6486e-01
263	4.0677e-02	1.3391e-01
264	2.4022e-02	1.0267e-01
265	2.6107e-03	1.1092e-01
266	1.6771e-02	1.0268e-01
267	1.4010e-02	7.1438e-02
268	3.6108e-03	1.2009e-01
269	4.5267e-02	8.5040e-02
270	6.7383e-04	9.8516e-02
271	6.0011e-03	1.0485e-01
272	5.8309e-03	1.0915e-01
273	1.8526e-03	1.1085e-01
274	1.4072e-03	1.0801e-01
275	1.7308e-03	9.7060e-02
276	4.9654e-03	1.2312e-01
277	2.9450e-03	1.3410e-01
278	4.2437e-03	1.1693e-01
279	1.7262e-03	9.7958e-02
280	1.3119e-03	9.2464e-02
281	9.5462e-04	9.6454e-02
282	4.7369e-04	9.8078e-02
283	7.6811e-04	9.5744e-02
284	9.5053e-04	8.6883e-02
285	5.1350e-04	7.8945e-02
286	1.2598e-03	8.2624e-02
287	6.5202e-04	8.6993e-02
288	1.3513e-03	8.4157e-02
289	5.7656e-04	8.3043e-02
290	7.1171e-04	8.5083e-02
291	6.9319e-04	9.1051e-02
292	3.6724e-04	9.7849e-02
293	5.4003e-04	9.5513e-02
294	3.5796e-04	8.7170e-02
295	2.8542e-04	8.3364e-02
296	5.9234e-04	8.7228e-02
297	3.4246e-04	9.4463e-02
298	3.4109e-04	9.6237e-02
299	3.7224e-04	8.8052e-02
300	5.9670e-04	9.2035e-02
301	2.5550e-04	9.0108e-02
302	2.3939e-04	8.7177e-02
303	2.2150e-04	8.5061e-02
304	2.4525e-04	8.4637e-02
305	2.6150e-04	8.5815e-02
306	2.3507e-04	8.7932e-02
307	2.1330e-04	8.9924e-02
308	2.2298e-04	9.0715e-02
309	2.2321e-04	9.0107e-02
310	1.9555e-04	8.8717e-02
311	1.7814e-04	8.7655e-02
312	1.8980e-04	8.7734e-02
313	1.9449e-04	8.9067e-02
314	1.7930e-04	9.1032e-02
315	1.7784e-04	9.2148e-02
316	1.8616e-04	9.2000e-02
317	1.7995e-04	9.0929e-02
318	1.6883e-04	8.9766e-02
319	1.6856e-04	8.9247e-02
320	1.6745e-04	8.9478e-02
321	1.5937e-04	9.0136e-02
322	1.5544e-04	9.0709e-02
323	1.5724e-04	9.0837e-02
324	1.5566e-04	9.0501e-02
325	1.5148e-04	9.0007e-02
326	1.5083e-04	8.9683e-02
327	1.5152e-04	8.9779e-02
328	1.4757e-04	9.0263e-02
329	1.4245e-04	9.0885e-02
330	1.4100e-04	9.1347e-02
331	1.4022e-04	9.1436e-02
332	1.3588e-04	9.1293e-02
333	1.3271e-04	9.1205e-02
334	1.3258e-04	9.1407e-02
335	1.3124e-04	9.1863e-02
336	1.2803e-04	9.2344e-02
337	1.2638e-04	9.2552e-02
338	1.2526e-04	9.2369e-02
339	1.2209e-04	9.1999e-02
340	1.1924e-04	9.1785e-02
341	1.1778e-04	9.1936e-02
342	1.1537e-04	9.2341e-02
343	1.1288e-04	9.2727e-02
344	1.1178e-04	9.2841e-02
345	1.1009e-04	9.2691e-02
346	1.0786e-04	9.2478e-02
347	1.0630e-04	9.2499e-02
348	1.0468e-04	9.2772e-02
349	1.0275e-04	9.3143e-02
350	1.0130e-04	9.3383e-02
351	9.9997e-05	9.3422e-02
352	9.8223e-05	9.3379e-02
353	9.7047e-05	9.3452e-02
354	9.5928e-05	9.3714e-02
355	9.4281e-05	9.3975e-02
356	9.3113e-05	9.4031e-02
357	9.1825e-05	9.3872e-02
358	9.0377e-05	9.3771e-02
359	8.9297e-05	9.3900e-02
360	8.8021e-05	9.4180e-02
361	8.6912e-05	9.4350e-02
362	8.5941e-05	9.4321e-02
363	8.4680e-05	9.4267e-02
364	8.3642e-05	9.4384e-02
365	8.2491e-05	9.4596e-02
366	8.1342e-05	9.4715e-02
367	8.0328e-05	9.4713e-02
368	7.9314e-05	9.4676e-02
369	7.8329e-05	9.4802e-02
370	7.7390e-05	9.5051e-02
371	7.6398e-05	9.5183e-02
372	7.5494e-05	9.5119e-02
373	7.4563e-05	9.5105e-02
374	7.3677e-05	9.5233e-02
375	7.2744e-05	9.5366e-02
376	7.1936e-05	9.5359e-02
377	7.1143e-05	9.5294e-02
378	7.0243e-05	9.5449e-02
379	6.9511e-05	9.5646e-02
380	6.8793e-05	9.5645e-02
381	6.7919e-05	9.5642e-02
382	6.7277e-05	9.5779e-02
383	6.6547e-05	9.5888e-02
384	6.5925e-05	9.5883e-02
385	6.5219e-05	9.5923e-02
386	6.4524e-05	9.6051e-02
387	6.3928e-05	9.6090e-02
388	6.3280e-05	9.6136e-02
389	6.2668e-05	9.6211e-02
390	6.2089e-05	9.6231e-02
391	6.1502e-05	9.6223e-02
392	6.0983e-05	9.6301e-02
393	6.0428e-05	9.6425e-02
394	5.9904e-05	9.6347e-02
395	5.9365e-05	9.6457e-02
396	5.8831e-05	9.6645e-02
397	5.8364e-05	9.6526e-02
398	5.7917e-05	9.6557e-02
399	5.7435e-05	9.6750e-02
400	5.7054e-05	9.6677e-02
401	5.6553e-05	9.6667e-02
402	5.6114e-05	9.6936e-02
403	5.5848e-05	9.6788e-02
404	5.5329e-05	9.6810e-02
405	5.4927e-05	9.7080e-02
406	5.4651e-05	9.6864e-02
407	5.4181e-05	9.7001e-02
408	5.3756e-05	9.7076e-02
409	5.3419e-05	9.6931e-02
410	5.3135e-05	9.7389e-02
411	5.3163e-05	9.6931e-02
412	5.2559e-05	9.7110e-02
413	5.2070e-05	9.7389e-02
414	5.2029e-05	9.6891e-02
415	5.1836e-05	9.7373e-02
416	5.1221e-05	9.7302e-02
417	5.0811e-05	9.7087e-02
418	5.0680e-05	9.7514e-02
419	5.0445e-05	9.7225e-02
420	4.9990e-05	9.7266e-02
421	4.9656e-05	9.7524e-02
422	4.9610e-05	9.7149e-02
423	4.9350e-05	9.7631e-02
424	4.9110e-05	9.7288e-02
425	4.8706e-05	9.7480e-02
426	4.8351e-05	9.7566e-02
427	4.8197e-05	9.7221e-02
428	4.8144e-05	9.7658e-02
429	4.7758e-05	9.7388e-02
430	4.7418e-05	9.7450e-02
431	4.7173e-05	9.7762e-02
432	4.7216e-05	9.7323e-02
433	4.7022e-05	9.7892e-02
434	4.6973e-05	9.7295e-02
435	4.6755e-05	9.7950e-02
436	4.6711e-05	9.7351e-02
437	4.6174e-05	9.7694e-02
438	4.5694e-05	9.7681e-02
439	4.5466e-05	9.7411e-02
440	4.5452e-05	9.7946e-02
441	4.5483e-05	9.7392e-02
442	4.5270e-05	9.7988e-02
443	4.5126e-05	9.7478e-02
444	4.4688e-05	9.7762e-02
445	4.4303e-05	9.7833e-02
446	4.4202e-05	9.7427e-02
447	4.4249e-05	9.8044e-02
448	4.4389e-05	9.7298e-02
449	4.4353e-05	9.8067e-02
450	4.3931e-05	9.7426e-02
451	4.3638e-05	9.7924e-02
452	4.3173e-05	9.7642e-02
453	4.2856e-05	9.7654e-02
454	4.2695e-05	9.7943e-02
455	4.2688e-05	9.7517e-02
456	4.2663e-05	9.8017e-02
457	4.2463e-05	9.7583e-02
458	4.2149e-05	9.7844e-02
459	4.1840e-05	9.7855e-02
460	4.1680e-05	9.7646e-02
461	4.1546e-05	9.7956e-02
462	4.1446e-05	9.7716e-02
463	4.1184e-05	9.7837e-02
464	4.0966e-05	9.7925e-02
465	4.0837e-05	9.7620e-02
466	4.0741e-05	9.8039e-02
467	4.0688e-05	9.7610e-02
468	4.0466e-05	9.8094e-02
469	4.0292e-05	9.7651e-02
470	4.0035e-05	9.8135e-02
471	3.9868e-05	9.7640e-02
472	3.9545e-05	9.8099e-02
473	3.9309e-05	9.7651e-02
474	3.9059e-05	9.8051e-02
475	3.8999e-05	9.7682e-02
476	3.8816e-05	9.8126e-02
477	3.8754e-05	9.7696e-02
478	3.8674e-05	9.8284e-02
479	3.8837e-05	9.7572e-02
480	3.8826e-05	9.8313e-02
481	3.8689e-05	9.7528e-02
482	3.8641e-05	9.8398e-02
483	3.8510e-05	9.7495e-02
484	3.8838e-05	9.8585e-02
485	3.9045e-05	9.7456e-02
486	3.8531e-05	9.8392e-02
487	3.7924e-05	9.7571e-02
488	3.7424e-05	9.8202e-02
489	3.6907e-05	9.7811e-02
490	3.6616e-05	9.8117e-02
491	3.6514e-05	9.7895e-02
492	3.6293e-05	9.8113e-02
493	3.6198e-05	9.7873e-02
494	3.5962e-05	9.8070e-02
495	3.5786e-05	9.7902e-02
496	3.5602e-05	9.8080e-02
497	3.5543e-05	9.8081e-02
498	3.5319e-05	9.7934e-02
499	3.5315e-05	9.8403e-02
500	3.5597e-05	9.7731e-02
501	3.5698e-05	9.8460e-02
502	3.5602e-05	9.7755e-02
503	3.5291e-05	9.8282e-02
504	3.4809e-05	9.8060e-02
505	3.4407e-05	9.7991e-02
506	3.4372e-05	9.8285e-02
507	3.4370e-05	9.7947e-02
508	3.4267e-05	9.8151e-02
509	3.3998e-05	9.8327e-02
510	3.4157e-05	9.7690e-02
511	3.4700e-05	9.8536e-02
512	3.4698e-05	9.7914e-02
513	3.3821e-05	9.8214e-02
514	3.3395e-05	9.8396e-02
515	3.3591e-05	9.7730e-02
516	3.4293e-05	9.8680e-02
517	3.4800e-05	9.7763e-02
518	3.3865e-05	9.8336e-02
519	3.3044e-05	9.8419e-02
520	3.3025e-05	9.7723e-02
521	3.4133e-05	9.8850e-02
522	3.4953e-05	9.7718e-02
523	3.3879e-05	9.8312e-02
524	3.2484e-05	9.8549e-02
525	3.3031e-05	9.7627e-02
526	3.4349e-05	9.8826e-02
527	3.4113e-05	9.7930e-02
528	3.2589e-05	9.8244e-02
529	3.1916e-05	9.8485e-02
530	3.2121e-05	9.7906e-02
531	3.2480e-05	9.8603e-02
532	3.2386e-05	9.8035e-02
533	3.1855e-05	9.8232e-02
534	3.1499e-05	9.8569e-02
535	3.1841e-05	9.7993e-02
536	3.1939e-05	9.8417e-02
537	3.1313e-05	9.8476e-02
538	3.1292e-05	9.7979e-02
539	3.1753e-05	9.8657e-02
540	3.1667e-05	9.8237e-02
541	3.1025e-05	9.8354e-02
542	3.0835e-05	9.8551e-02
543	3.0980e-05	9.8174e-02
544	3.0902e-05	9.8487e-02
545	3.0743e-05	9.8335e-02
546	3.0547e-05	9.8247e-02
547	3.0583e-05	9.8617e-02
548	3.0707e-05	9.8219e-02
549	3.0575e-05	9.8485e-02
550	3.0275e-05	9.8469e-02
551	3.0179e-05	9.8348e-02
552	3.0137e-05	9.8566e-02
553	3.0110e-05	9.8375e-02
554	2.9945e-05	9.8419e-02
555	2.9869e-05	9.8572e-02
556	2.9883e-05	9.8266e-02
557	2.9918e-05	9.8642e-02
558	2.9809e-05	9.8503e-02
559	2.9563e-05	9.8340e-02
560	2.9665e-05	9.8766e-02
561	2.9731e-05	9.8395e-02
562	2.9425e-05	9.8450e-02
563	2.9274e-05	9.8728e-02
564	2.9313e-05	9.8424e-02
565	2.9124e-05	9.8594e-02
566	2.8930e-05	9.8659e-02
567	2.8896e-05	9.8419e-02
568	2.8929e-05	9.8671e-02
569	2.8657e-05	9.8680e-02
570	2.8545e-05	9.8482e-02
571	2.8599e-05	9.8924e-02
572	2.8674e-05	9.8505e-02
573	2.8506e-05	9.8763e-02
574	2.8129e-05	9.8819e-02
575	2.8062e-05	9.8542e-02
576	2.8144e-05	9.8924e-02
577	2.8019e-05	9.8685e-02
578	2.7776e-05	9.8855e-02
579	2.7603e-05	9.8947e-02
580	2.7558e-05	9.8676e-02
581	2.7491e-05	9.8976e-02
582	2.7334e-05	9.8853e-02
583	2.7130e-05	9.8844e-02
584	2.7033e-05	9.8998e-02
585	2.6916e-05	9.8883e-02
586	2.6760e-05	9.8956e-02
587	2.6626e-05	9.9076e-02
588	2.6566e-05	9.8943e-02
589	2.6442e-05	9.9113e-02
590	2.6287e-05	9.9062e-02
591	2.6119e-05	9.9029e-02
592	2.5985e-05	9.9132e-02
593	2.5861e-05	9.9174e-02
594	2.5692e-05	9.9161e-02
595	2.5564e-05	9.9214e-02
596	2.5424e-05	9.9216e-02
597	2.5259e-05	9.9189e-02
598	2.5140e-05	9.9347e-02
599	2.5019e-05	9.9238e-02
600	2.4919e-05	9.9446e-02
601	2.4703e-05	9.9460e-02
602	2.4521e-05	9.9295e-02
603	2.4449e-05	9.9532e-02
604	2.4227e-05	9.9494e-02
605	2.4007e-05	9.9496e-02
606	2.3842e-05	9.9642e-02
607	2.3681e-05	9.9535e-02
608	2.3500e-05	9.9660e-02
609	2.3314e-05	9.9697e-02
610	2.3109e-05	9.9686e-02
611	2.2930e-05	9.9868e-02
612	2.2748e-05	9.9758e-02
613	2.2559e-05	9.9828e-02
614	2.2316e-05	9.9954e-02
615	2.2200e-05	9.9771e-02
616	2.2090e-05	1.0011e-01
617	2.1809e-05	1.0011e-01
618	2.1506e-05	9.9983e-02
619	2.1362e-05	1.0019e-01
620	2.1050e-05	1.0021e-01
621	2.0808e-05	1.0015e-01
622	2.0596e-05	1.0034e-01
623	2.0316e-05	1.0042e-01
624	2.0086e-05	1.0027e-01
625	1.9928e-05	1.0063e-01
626	1.9719e-05	1.0049e-01
627	1.9250e-05	1.0063e-01
628	1.8946e-05	1.0078e-01
629	1.8723e-05	1.0065e-01
630	1.8523e-05	1.0093e-01
631	1.8240e-05	1.0083e-01
632	1.7920e-05	1.0101e-01
633	1.7597e-05	1.0115e-01
634	1.7353e-05	1.0107e-01
635	1.7119e-05	1.0129e-01
636	1.6776e-05	1.0135e-01
637	1.6434e-05	1.0144e-01
638	1.6188e-05	1.0168e-01
639	1.5978e-05	1.0150e-01
640	1.5787e-05	1.0179e-01
641	1.5333e-05	1.0186e-01
642	1.4977e-05	1.0190e-01
643	1.4715e-05	1.0216e-01
644	1.4402e-05	1.0218e-01
645	1.4047e-05	1.0221e-01
646	1.3776e-05	1.0250e-01
647	1.3574e-05	1.0249e-01
648	1.3168e-05	1.0270e-01
649	1.2796e-05	1.0282e-01
650	1.2482e-05	1.0267e-01
651	1.2684e-05	1.0366e-01
652	1.5835e-05	1.0265e-01
653	1.8256e-05	1.0398e-01
654	1.5851e-05	1.0340e-01
655	1.1388e-05	1.0343e-01
656	1.1652e-05	1.0427e-01
657	1.3951e-05	1.0325e-01
658	1.4095e-05	1.0412e-01
659	1.0613e-05	1.0459e-01
660	1.0227e-05	1.0419e-01
661	1.1800e-05	1.0465e-01
662	1.2470e-05	1.0408e-01
663	1.1531e-05	1.0501e-01
664	9.5132e-06	1.0516e-01
665	8.8755e-06	1.0478e-01
666	9.1934e-06	1.0514e-01
667	1.0920e-05	1.0483e-01
668	1.1471e-05	1.0594e-01
669	1.0911e-05	1.0552e-01
670	9.2599e-06	1.0570e-01
671	7.7236e-06	1.0565e-01
672	7.1997e-06	1.0596e-01
673	7.1452e-06	1.0650e-01
674	7.7287e-06	1.0610e-01
675	8.0176e-06	1.0643e-01
676	8.5650e-06	1.0626e-01
677	8.6235e-06	1.0704e-01
678	8.7606e-06	1.0643e-01
679	9.2617e-06	1.0706e-01
680	1.1177e-05	1.0663e-01
681	1.3515e-05	1.0767e-01
682	1.7261e-05	1.0656e-01
683	1.8752e-05	1.0753e-01
684	2.0469e-05	1.0704e-01
685	1.8247e-05	1.0822e-01
686	1.4088e-05	1.0712e-01
687	8.1403e-06	1.0707e-01
688	6.1344e-06	1.0764e-01
689	5.1328e-06	1.0778e-01
690	6.8236e-06	1.0755e-01
691	6.9929e-06	1.0717e-01
692	6.9039e-06	1.0787e-01
693	5.5219e-06	1.0783e-01
694	4.7489e-06	1.0764e-01
695	4.1693e-06	1.0761e-01
696	4.2294e-06	1.0793e-01
697	4.2482e-06	1.0821e-01
698	4.6251e-06	1.0796e-01
699	4.7646e-06	1.0817e-01
700	4.9120e-06	1.0821e-01
701	4.8903e-06	1.0854e-01
702	4.9898e-06	1.0848e-01
703	4.7456e-06	1.0861e-01
704	4.9730e-06	1.0882e-01
705	4.9105e-06	1.0901e-01
706	5.3265e-06	1.0873e-01
707	5.7429e-06	1.0901e-01
708	6.6400e-06	1.0965e-01
709	8.3805e-06	1.0917e-01
710	9.8079e-06	1.0899e-01
711	1.1919e-05	1.0942e-01
712	1.9504e-05	1.0978e-01
713	3.0213e-05	1.0938e-01
714	5.8642e-05	1.0773e-01
715	7.4307e-05	1.0902e-01
716	1.1263e-04	1.1149e-01
717	1.9236e-04	1.0193e-01
718	8.8002e-05	9.8078e-02
719	1.2613e-04	9.8241e-02
720	5.1726e-05	9.8255e-02
721	9.5232e-05	9.5445e-02
722	4.9802e-05	9.3750e-02
723	1.0329e-04	9.3317e-02
724	8.3334e-05	9.5693e-02
725	7.5732e-05	9.7777e-02
726	7.1612e-05	9.6117e-02
727	4.1736e-05	9.4381e-02
728	6.2052e-05	9.6631e-02
729	4.7924e-05	9.9360e-02
730	6.7554e-05	9.7553e-02
731	5.5492e-05	9.5966e-02
732	5.2129e-05	9.6844e-02
733	4.8399e-05	9.6945e-02
734	3.7364e-05	9.6228e-02
735	4.8387e-05	9.6710e-02
736	4.1724e-05	9.6645e-02
737	4.8062e-05	9.5351e-02
738	4.3460e-05	9.5675e-02
739	4.1039e-05	9.7777e-02
740	3.8590e-05	9.7963e-02
741	3.6379e-05	9.6613e-02
742	3.8416e-05	9.6910e-02
743	3.6213e-05	9.7745e-02
744	3.9223e-05	9.7300e-02
745	3.4241e-05	9.7422e-02
746	3.4245e-05	9.7982e-02
747	3.3211e-05	9.7179e-02
748	3.1229e-05	9.6461e-02
749	3.4587e-05	9.7362e-02
750	3.1541e-05	9.8026e-02
751	3.3332e-05	9.7388e-02
752	3.1756e-05	9.7346e-02
753	2.9622e-05	9.7893e-02
754	3.1763e-05	9.7771e-02
755	2.9221e-05	9.7839e-02
756	3.1159e-05	9.8535e-02
757	3.0405e-05	9.8166e-02
758	2.9154e-05	9.7435e-02
759	3.0046e-05	9.7929e-02
760	2.8381e-05	9.8302e-02
761	2.8868e-05	9.7909e-02
762	2.9699e-05	9.8099e-02
763	2.8425e-05	9.8025e-02
764	2.8777e-05	9.7744e-02
765	2.8485e-05	9.8168e-02
766	2.7725e-05	9.8680e-02
767	2.8553e-05	9.8269e-02
768	2.7969e-05	9.8108e-02
769	2.8101e-05	9.8503e-02
770	2.8615e-05	9.8278e-02
771	2.7662e-05	9.8320e-02
772	2.7794e-05	9.8600e-02
773	2.7859e-05	9.8192e-02
774	2.7510e-05	9.8059e-02
775	2.7811e-05	9.8438e-02
776	2.7701e-05	9.8433e-02
777	2.7419e-05	9.8424e-02
778	2.7430e-05	9.8572e-02
779	2.7515e-05	9.8328e-02
780	2.7331e-05	9.8344e-02
781	2.7405e-05	9.8729e-02
782	2.7452e-05	9.8611e-02
783	2.7217e-05	9.8447e-02
784	2.7134e-05	9.8465e-02
785	2.7146e-05	9.8496e-02
786	2.7056e-05	9.8472e-02
787	2.7122e-05	9.8592e-02
788	2.7070e-05	9.8506e-02
789	2.6996e-05	9.8386e-02
790	2.7047e-05	9.8516e-02
791	2.6925e-05	9.8629e-02
792	2.6950e-05	9.8566e-02
793	2.6951e-05	9.8588e-02
794	2.6914e-05	9.8539e-02
795	2.6864e-05	9.8481e-02
796	2.6891e-05	9.8636e-02
797	2.6837e-05	9.8605e-02
798	2.6807e-05	9.8481e-02
799	2.6845e-05	9.8568e-02
800	2.6801e-05	9.8523e-02
801	2.6747e-05	9.8566e-02
802	2.6719e-05	9.8670e-02
803	2.6789e-05	9.8500e-02
804	2.6798e-05	9.8559e-02
805	2.6691e-05	9.8686e-02
806	2.6740e-05	9.8596e-02
807	2.6662e-05	9.8594e-02
808	2.6671e-05	9.8697e-02
809	2.6685e-05	9.8573e-02
810	2.6600e-05	9.8565e-02
811	2.6581e-05	9.8697e-02
812	2.6634e-05	9.8632e-02
813	2.6547e-05	9.8604e-02
814	2.6521e-05	9.8654e-02
815	2.6515e-05	9.8692e-02
816	2.6502e-05	9.8594e-02
817	2.6576e-05	9.8743e-02
818	2.6502e-05	9.8718e-02
819	2.6470e-05	9.8561e-02
820	2.6586e-05	9.8741e-02
821	2.6450e-05	9.8768e-02
822	2.6496e-05	9.8552e-02
823	2.6605e-05	9.8755e-02
824	2.6477e-05	9.8734e-02
825	2.6376e-05	9.8632e-02
826	2.6415e-05	9.8749e-02
827	2.6372e-05	9.8674e-02
828	2.6306e-05	9.8646e-02
829	2.6307e-05	9.8741e-02
830	2.6295e-05	9.8753e-02
831	2.6275e-05	9.8671e-02
832	2.6258e-05	9.8731e-02
833	2.6216e-05	9.8739e-02
834	2.6218e-05	9.8682e-02
835	2.6231e-05	9.8778e-02
836	2.6202e-05	9.8684e-02
837	2.6177e-05	9.8674e-02
838	2.6173e-05	9.8804e-02
839	2.6175e-05	9.8765e-02
840	2.6114e-05	9.8702e-02
841	2.6157e-05	9.8766e-02
842	2.6154e-05	9.8698e-02
843	2.6081e-05	9.8752e-02
844	2.6081e-05	9.8894e-02
845	2.6160e-05	9.8704e-02
846	2.6075e-05	9.8707e-02
847	2.6024e-05	9.8849e-02
848	2.6147e-05	9.8699e-02
849	2.6187e-05	9.8843e-02
850	2.5989e-05	9.8855e-02
851	2.6063e-05	9.8656e-02
852	2.6099e-05	9.8831e-02
853	2.5955e-05	9.8892e-02
854	2.5968e-05	9.8697e-02
855	2.6090e-05	9.8836e-02
856	2.5894e-05	9.8865e-02
857	2.5883e-05	9.8757e-02
858	2.5977e-05	9.8889e-02
859	2.5837e-05	9.8879e-02
860	2.5876e-05	9.8784e-02
861	2.5818e-05	9.8861e-02
862	2.5755e-05	9.8881e-02
863	2.5796e-05	9.8820e-02
864	2.5777e-05	9.8895e-02
865	2.5728e-05	9.8887e-02
866	2.5700e-05	9.8809e-02
867	2.5731e-05	9.8879e-02
868	2.5683e-05	9.8892e-02
869	2.5689e-05	9.8883e-02
870	2.5682e-05	9.8881e-02
871	2.5649e-05	9.8941e-02
872	2.5686e-05	9.8843e-02
873	2.5643e-05	9.8852e-02
874	2.5612e-05	9.8993e-02
875	2.5680e-05	9.8907e-02
876	2.5573e-05	9.8840e-02
877	2.5618e-05	9.9007e-02
878	2.5714e-05	9.8860e-02
879	2.5565e-05	9.8898e-02
880	2.5536e-05	9.9051e-02
881	2.5666e-05	9.8852e-02
882	2.5571e-05	9.8902e-02
883	2.5460e-05	9.9016e-02
884	2.5589e-05	9.8893e-02
885	2.5559e-05	9.9030e-02
886	2.5449e-05	9.9014e-02
887	2.5469e-05	9.8815e-02
888	2.5604e-05	9.9027e-02
889	2.5444e-05	9.9018e-02
890	2.5413e-05	9.8857e-02
891	2.5608e-05	9.9065e-02
892	2.5525e-05	9.8948e-02
893	2.5290e-05	9.8828e-02
894	2.5516e-05	9.9092e-02
895	2.5480e-05	9.9002e-02
896	2.5241e-05	9.8859e-02
897	2.5467e-05	9.9021e-02
898	2.5334e-05	9.9004e-02
899	2.5220e-05	9.8798e-02
900	2.5719e-05	9.9133e-02
901	2.5565e-05	9.8993e-02
902	2.5142e-05	9.8904e-02
903	2.5369e-05	9.9164e-02
904	2.5573e-05	9.8904e-02
905	2.5195e-05	9.8887e-02
906	2.5256e-05	9.9160e-02
907	2.5385e-05	9.8977e-02
908	2.5128e-05	9.8974e-02
909	2.5074e-05	9.9160e-02
910	2.5348e-05	9.8755e-02
911	2.5697e-05	9.9071e-02
912	2.5060e-05	9.9153e-02
913	2.5101e-05	9.8956e-02
914	2.5386e-05	9.9162e-02
915	2.5126e-05	9.9022e-02
916	2.4968e-05	9.8902e-02
917	2.5221e-05	9.9227e-02
918	2.5086e-05	9.9183e-02
919	2.4908e-05	9.9096e-02
920	2.4845e-05	9.9089e-02
921	2.4866e-05	9.8999e-02
922	2.4838e-05	9.9106e-02
923	2.4784e-05	9.9207e-02
924	2.4833e-05	9.9071e-02
925	2.4779e-05	9.9035e-02
926	2.4756e-05	9.9129e-02
927	2.4764e-05	9.9110e-02
928	2.4739e-05	9.9172e-02
929	2.4675e-05	9.9143e-02
930	2.4661e-05	9.9051e-02
931	2.4679e-05	9.9174e-02
932	2.4667e-05	9.9154e-02
933	2.4614e-05	9.9149e-02
934	2.4578e-05	9.9141e-02
935	2.4575e-05	9.9118e-02
936	2.4558e-05	9.9140e-02
937	2.4570e-05	9.9236e-02
938	2.4546e-05	9.9149e-02
939	2.4504e-05	9.9146e-02
940	2.4489e-05	9.9324e-02
941	2.4662e-05	9.9202e-02
942	2.4609e-05	9.9261e-02
943	2.4411e-05	9.9237e-02
944	2.4467e-05	9.9071e-02
945	2.4612e-05	9.9278e-02
946	2.4386e-05	9.9310e-02
947	2.4365e-05	9.9146e-02
948	2.4503e-05	9.9237e-02
949	2.4350e-05	9.9211e-02
950	2.4269e-05	9.9226e-02
951	2.4311e-05	9.9372e-02
952	2.4324e-05	9.9215e-02
953	2.4250e-05	9.9204e-02
954	2.4214e-05	9.9368e-02
955	2.4326e-05	9.9169e-02
956	2.4494e-05	9.9432e-02
957	2.4303e-05	9.9313e-02
958	2.4097e-05	9.9177e-02
959	2.4263e-05	9.9373e-02
960	2.4196e-05	9.9303e-02
961	2.4024e-05	9.9299e-02
962	2.4037e-05	9.9445e-02
963	2.4192e-05	9.9220e-02
964	2.4158e-05	9.9340e-02
965	2.3934e-05	9.9418e-02
966	2.4039e-05	9.9279e-02
967	2.4085e-05	9.9428e-02
968	2.3966e-05	9.9363e-02
969	2.3844e-05	9.9295e-02
970	2.3892e-05	9.9451e-02
971	2.3893e-05	9.9412e-02
972	2.3768e-05	9.9419e-02
973	2.3735e-05	9.9454e-02
974	2.3735e-05	9.9369e-02
975	2.3716e-05	9.9384e-02
976	2.3675e-05	9.9511e-02
977	2.3773e-05	9.9411e-02
978	2.3709e-05	9.9448e-02
979	2.3605e-05	9.9476e-02
980	2.3686e-05	9.9329e-02
981	2.3720e-05	9.9551e-02
982	2.3590e-05	9.9537e-02
983	2.3491e-05	9.9398e-02
984	2.3561e-05	9.9511e-02
985	2.3561e-05	9.9512e-02
986	2.3382e-05	9.9482e-02
987	2.3465e-05	9.9579e-02
988	2.3432e-05	9.9424e-02
989	2.3338e-05	9.9470e-02
990	2.3275e-05	9.9649e-02
991	2.3435e-05	9.9465e-02
992	2.3401e-05	9.9576e-02
993	2.3247e-05	9.9539e-02
994	2.3202e-05	9.9435e-02
995	2.3421e-05	9.9746e-02
996	2.3411e-05	9.9675e-02
997	2.3122e-05	9.9494e-02
998	2.3200e-05	9.9617e-02
999	2.3346e-05	9.9509e-02