0	1.3997e-02	1.2085e-02
1	1.3737e-02	1.3006e-02
2	1.4179e-02	1.1973e-02
3	1.3400e-02	1.1911e-02
4	1.3695e-02	1.1813e-02
5	1.3571e-02	1.1710e-02
6	1.3211e-02	1.2053e-02
7	1.3311e-02	1.2113e-02
8	1.3323e-02	1.1734e-02
9	1.3067e-02	1.1459e-02
10	1.2976e-02	1.1419e-02
11	1.3045e-02	1.1350e-02
12	1.2942e-02	1.1309e-02
13	1.2766e-02	1.1426e-02
14	1.2737e-02	1.1496e-02
15	1.2733e-02	1.1332e-02
16	1.2602e-02	1.1092e-02
17	1.2463e-02	1.0950e-02
18	1.2417e-02	1.0861e-02
19	1.2343e-02	1.0784e-02
20	1.2187e-02	1.0788e-02
21	1.2069e-02	1.0801e-02
22	1.1998e-02	1.0658e-02
23	1.1857e-02	1.0416e-02
24	1.1685e-02	1.0222e-02
25	1.1560e-02	1.0069e-02
26	1.1406e-02	9.9344e-03
27	1.1186e-02	9.8455e-03
28	1.0988e-02	9.6924e-03
29	1.0779e-02	9.3872e-03
30	1.0495e-02	9.0635e-03
31	1.0217e-02	8.7728e-03
32	9.9022e-03	8.4904e-03
33	9.5157e-03	8.2042e-03
34	9.1345e-03	7.7651e-03
35	8.6699e-03	7.2521e-03
36	8.1671e-03	6.7494e-03
37	7.5959e-03	6.2476e-03
38	6.9618e-03	5.6167e-03
39	6.2346e-03	4.9559e-03
40	5.4655e-03	4.3477e-03
41	4.6178e-03	3.6894e-03
42	3.7160e-03	3.2268e-03
43	2.7944e-03	3.2577e-03
44	2.4988e-03	1.2320e-02
45	1.0243e-02	5.1331e-03
46	3.8772e-03	3.8474e-03
47	2.9912e-03	1.8624e-03
48	2.0298e-03	3.0354e-03
49	3.9537e-03	1.8566e-03
50	1.7441e-03	3.1394e-03
51	2.4312e-03	3.3091e-03
52	2.3065e-03	2.5329e-03
53	1.0447e-03	5.2693e-03
54	2.3551e-03	4.5015e-03
55	1.3883e-03	3.8694e-03
56	1.5783e-03	4.1749e-03
57	1.9209e-03	3.7726e-03
58	8.9936e-04	5.2043e-03
59	1.6844e-03	3.3972e-03
60	7.9416e-04	2.8226e-03
61	1.0488e-03	2.9290e-03
62	1.2498e-03	2.5807e-03
63	6.9745e-04	3.9696e-03
64	1.1900e-03	3.5175e-03
65	6.5279e-04	3.4413e-03
66	8.0375e-04	4.0631e-03
67	7.5862e-04	6.3340e-03
68	4.8184e-04	7.4994e-03
69	6.4942e-04	6.0121e-03
70	6.5542e-04	6.2359e-03
71	5.2389e-04	7.7629e-03
72	6.3612e-04	6.3177e-03
73	2.4381e-04	5.0829e-03
74	4.7203e-04	5.0689e-03
75	2.2266e-04	5.7688e-03
76	4.8524e-04	4.6121e-03
77	2.9485e-04	4.7990e-03
78	3.3691e-04	6.0014e-03
79	3.1962e-04	6.0678e-03
80	1.6038e-04	6.3363e-03
81	2.9236e-04	7.2794e-03
82	1.7738e-04	7.6189e-03
83	1.6777e-04	7.5324e-03
84	2.6078e-04	7.8289e-03
85	1.6157e-04	7.5987e-03
86	9.7395e-05	7.4444e-03
87	1.4836e-04	7.8511e-03
88	1.9100e-04	7.7267e-03
89	1.9668e-04	8.2757e-03
90	1.2924e-04	8.5343e-03
91	8.7484e-05	8.9809e-03
92	7.4313e-05	9.3108e-03
93	8.4952e-05	9.4698e-03
94	1.2323e-04	9.3400e-03
95	2.1892e-04	9.2451e-03
96	5.5945e-04	8.6782e-03
97	1.0285e-03	8.0689e-03
98	2.2777e-03	6.4967e-03
99	4.6599e-04	5.5201e-03
100	5.8136e-04	5.1504e-03
101	9.8079e-04	4.2513e-03
102	6.0548e-04	4.4362e-03
103	6.6370e-04	4.1927e-03
104	4.6348e-04	3.9123e-03
105	5.0024e-04	4.0912e-03
106	6.2169e-04	4.2212e-03
107	2.9941e-04	4.8228e-03
108	6.6978e-04	4.1670e-03
109	2.8285e-04	4.0147e-03
110	5.2490e-04	3.9057e-03
111	3.5308e-04	4.3695e-03
112	3.4174e-04	4.5287e-03
113	3.9364e-04	3.9725e-03
114	2.5804e-04	4.0449e-03
115	3.9209e-04	4.4845e-03
116	2.0568e-04	5.4570e-03
117	3.6698e-04	5.1356e-03
118	1.8100e-04	5.1301e-03
119	3.0743e-04	5.7548e-03
120	1.6372e-04	6.7053e-03
121	2.9385e-04	6.1538e-03
122	1.4762e-04	6.0019e-03
123	2.2267e-04	6.4910e-03
124	1.3450e-04	6.5591e-03
125	1.5778e-04	5.9744e-03
126	1.5742e-04	6.0500e-03
127	1.0349e-04	6.5392e-03
128	1.6984e-04	6.2294e-03
129	9.1539e-05	6.3799e-03
130	1.1095e-04	6.9334e-03
131	1.1954e-04	6.9858e-03
132	6.5410e-05	7.1738e-03
133	9.0589e-05	7.5385e-03
134	9.6744e-05	7.5576e-03
135	6.1490e-05	7.6596e-03
136	5.7029e-05	7.8223e-03
137	8.0450e-05	7.8268e-03
138	8.5605e-05	7.9755e-03
139	5.7654e-05	8.0994e-03
140	4.7241e-05	8.2795e-03
141	6.1430e-05	8.5155e-03
142	8.1065e-05	8.6901e-03
143	1.0340e-04	8.7991e-03
144	1.1689e-04	8.8418e-03
145	1.4386e-04	8.7550e-03
146	1.6975e-04	8.6436e-03
147	2.3064e-04	8.4350e-03
148	2.5079e-04	8.1602e-03
149	2.8498e-04	7.9356e-03
150	1.8634e-04	7.6337e-03
151	8.5181e-05	7.5412e-03
152	5.2458e-05	7.5995e-03
153	1.0954e-04	7.5294e-03
154	1.4675e-04	7.5616e-03
155	7.7943e-05	7.4900e-03
156	5.4430e-05	7.3930e-03
157	9.6313e-05	7.4342e-03
158	8.8342e-05	7.2822e-03
159	5.3415e-05	7.2544e-03
160	5.6966e-05	7.3977e-03
161	7.8374e-05	7.3384e-03
162	6.8652e-05	7.5095e-03
163	4.7603e-05	7.6815e-03
164	5.9918e-05	7.7011e-03
165	7.6408e-05	7.8905e-03
166	6.2293e-05	7.8775e-03
167	4.7735e-05	7.8669e-03
168	5.2671e-05	7.9171e-03
169	6.3574e-05	7.7845e-03
170	6.3110e-05	7.8071e-03
171	5.0348e-05	7.7658e-03
172	4.4657e-05	7.7525e-03
173	5.0115e-05	7.8413e-03
174	5.5817e-05	7.8307e-03
175	5.5513e-05	7.9238e-03
176	4.7665e-05	7.9430e-03
177	4.2759e-05	7.9696e-03
178	4.3432e-05	8.0084e-03
179	4.7192e-05	7.9900e-03
180	5.0754e-05	8.0361e-03
181	5.1505e-05	8.0232e-03
182	5.1300e-05	8.0892e-03
183	4.9841e-05	8.1126e-03
184	4.8735e-05	8.1957e-03
185	4.7604e-05	8.2424e-03
186	4.8158e-05	8.3195e-03
187	4.9520e-05	8.3391e-03
188	5.3927e-05	8.3799e-03
189	6.2389e-05	8.3479e-03
190	8.6155e-05	8.3736e-03
191	1.2982e-04	8.2356e-03
192	2.4380e-04	8.2411e-03
193	4.1558e-04	7.7488e-03
194	7.5812e-04	7.5016e-03
195	5.0017e-04	6.4794e-03
196	1.8462e-04	6.1154e-03
197	9.3270e-05	6.3693e-03
198	2.9354e-04	5.8636e-03
199	1.8039e-04	5.8560e-03
200	1.1151e-04	6.2896e-03
201	2.5279e-04	5.8513e-03
202	1.0725e-04	5.7867e-03
203	1.5846e-04	6.0967e-03
204	1.4789e-04	5.8873e-03
205	8.6253e-05	5.6757e-03
206	1.5073e-04	5.9011e-03
207	7.8377e-05	6.2118e-03
208	1.2615e-04	5.9992e-03
209	1.1527e-04	6.2873e-03
210	7.7854e-05	6.8785e-03
211	1.3780e-04	6.6877e-03
212	9.3794e-05	6.9110e-03
213	7.3688e-05	7.3388e-03
214	1.2677e-04	7.0284e-03
215	9.7073e-05	7.1215e-03
216	5.5518e-05	7.2965e-03
217	1.0533e-04	6.9653e-03
218	1.1553e-04	7.1197e-03
219	5.3339e-05	7.1939e-03
220	6.8415e-05	7.0858e-03
221	1.1447e-04	7.3626e-03
222	8.0640e-05	7.3582e-03
223	4.4115e-05	7.4495e-03
224	5.5916e-05	7.6568e-03
225	8.3122e-05	7.6108e-03
226	9.0585e-05	7.7336e-03
227	6.2254e-05	7.7054e-03
228	4.1002e-05	7.7500e-03
229	4.2105e-05	7.8680e-03
230	5.8657e-05	7.8987e-03
231	7.8709e-05	8.0647e-03
232	8.2848e-05	8.0578e-03
233	8.4322e-05	8.1696e-03
234	7.4020e-05	8.1349e-03
235	6.7203e-05	8.1821e-03
236	5.6836e-05	8.1323e-03
237	5.0034e-05	8.1353e-03
238	4.3544e-05	8.0981e-03
239	3.9563e-05	8.0939e-03
240	3.7375e-05	8.0857e-03
241	3.7077e-05	8.0814e-03
242	3.8236e-05	8.1002e-03
243	4.0132e-05	8.0916e-03
244	4.2786e-05	8.1271e-03
245	4.5162e-05	8.1046e-03
246	4.8480e-05	8.1425e-03
247	5.1857e-05	8.0916e-03
248	5.7803e-05	8.1301e-03
249	6.3941e-05	8.0427e-03
250	7.6911e-05	8.0947e-03
251	9.1761e-05	7.9223e-03
252	1.2294e-04	8.0066e-03
253	1.6192e-04	7.6667e-03
254	2.3453e-04	7.7671e-03
255	2.5213e-04	7.2268e-03
256	2.6813e-04	7.2332e-03
257	1.3313e-04	6.8614e-03
258	4.6551e-05	6.7259e-03
259	8.1564e-05	6.9636e-03
260	1.1962e-04	6.6979e-03
261	8.0187e-05	6.7692e-03
262	5.1281e-05	6.9657e-03
263	9.6760e-05	6.7021e-03
264	9.6293e-05	6.8363e-03
265	4.8684e-05	6.9567e-03
266	7.4817e-05	6.7360e-03
267	1.0045e-04	7.0059e-03
268	5.8965e-05	7.0557e-03
269	4.9372e-05	7.0104e-03
270	7.9293e-05	7.3600e-03
271	7.2842e-05	7.3087e-03
272	4.8008e-05	7.4260e-03
273	4.3305e-05	7.6037e-03
274	6.0729e-05	7.4880e-03
275	7.0978e-05	7.6441e-03
276	5.7077e-05	7.5537e-03
277	4.1808e-05	7.5787e-03
278	3.7597e-05	7.6531e-03
279	4.5399e-05	7.6243e-03
280	5.7980e-05	7.7983e-03
281	6.4198e-05	7.7593e-03
282	7.0407e-05	7.9184e-03
283	6.9799e-05	7.8567e-03
284	7.4208e-05	7.9687e-03
285	7.7010e-05	7.8449e-03
286	8.8745e-05	7.9378e-03
287	1.0649e-04	7.7138e-03
288	1.4333e-04	7.8457e-03
289	1.8026e-04	7.4625e-03
290	2.4786e-04	7.5956e-03
291	2.4169e-04	7.0460e-03
292	2.1953e-04	7.0856e-03
293	8.8266e-05	6.8740e-03
294	4.6322e-05	6.6981e-03
295	1.0889e-04	6.9639e-03
296	1.0710e-04	6.7297e-03
297	5.5379e-05	6.7234e-03
298	6.0241e-05	6.9640e-03
299	8.9921e-05	6.7217e-03
300	6.8155e-05	6.8101e-03
301	4.5395e-05	7.0155e-03
302	7.2951e-05	6.8317e-03
303	7.9810e-05	7.0878e-03
304	4.7487e-05	7.2117e-03
305	4.8674e-05	7.1688e-03
306	7.2114e-05	7.4915e-03
307	6.3837e-05	7.4416e-03
308	4.4187e-05	7.5332e-03
309	3.9555e-05	7.6637e-03
310	5.2274e-05	7.5451e-03
311	6.4711e-05	7.6963e-03
312	6.0218e-05	7.5726e-03
313	5.0163e-05	7.6640e-03
314	3.8325e-05	7.6878e-03
315	3.4728e-05	7.7283e-03
316	3.8925e-05	7.8651e-03
317	4.6665e-05	7.8681e-03
318	5.8129e-05	8.0107e-03
319	6.9856e-05	7.9208e-03
320	9.5461e-05	8.0462e-03
321	1.3718e-04	7.7562e-03
322	2.5264e-04	7.9158e-03
323	4.0179e-04	7.2265e-03
324	7.9969e-04	7.0707e-03
325	6.1401e-04	5.7896e-03
326	3.2496e-04	5.2817e-03
327	9.9964e-05	5.6704e-03
328	3.9335e-04	4.9857e-03
329	1.9321e-04	5.0049e-03
330	2.2011e-04	5.5165e-03
331	2.5149e-04	5.2480e-03
332	1.2851e-04	4.9691e-03
333	2.9916e-04	5.1981e-03
334	1.1457e-04	5.5955e-03
335	2.3627e-04	5.0101e-03
336	1.7035e-04	5.0835e-03
337	1.6006e-04	5.7713e-03
338	1.9023e-04	5.6253e-03
339	9.0084e-05	5.5930e-03
340	1.7684e-04	6.0843e-03
341	8.4478e-05	6.4493e-03
342	1.2299e-04	6.2232e-03
343	1.4191e-04	6.4919e-03
344	5.8097e-05	6.8219e-03
345	1.2490e-04	6.5270e-03
346	1.3098e-04	6.6919e-03
347	4.8128e-05	6.8627e-03
348	9.0883e-05	6.7235e-03
349	1.4307e-04	6.9887e-03
350	7.9231e-05	7.0101e-03
351	3.8262e-05	7.1045e-03
352	7.9619e-05	7.4057e-03
353	1.1149e-04	7.3703e-03
354	1.0297e-04	7.5303e-03
355	5.3059e-05	7.5644e-03
356	3.4519e-05	7.5954e-03
357	5.5063e-05	7.7280e-03
358	8.4147e-05	7.6733e-03
359	1.0824e-04	7.7888e-03
360	9.7673e-05	7.6930e-03
361	8.0004e-05	7.7435e-03
362	5.0799e-05	7.7139e-03
363	3.5493e-05	7.7145e-03
364	3.8079e-05	7.7471e-03
365	5.0616e-05	7.6790e-03
366	6.3010e-05	7.7052e-03
367	5.8885e-05	7.5929e-03
368	4.7405e-05	7.5810e-03
369	3.5476e-05	7.5534e-03
370	3.4320e-05	7.5205e-03
371	4.2038e-05	7.5913e-03
372	4.7839e-05	7.5546e-03
373	4.7686e-05	7.6312e-03
374	4.0955e-05	7.6190e-03
375	3.5117e-05	7.6403e-03
376	3.3431e-05	7.6613e-03
377	3.6304e-05	7.6192e-03
378	4.0531e-05	7.6589e-03
379	4.1437e-05	7.6000e-03
380	3.9764e-05	7.6318e-03
381	3.5795e-05	7.6106e-03
382	3.3214e-05	7.6170e-03
383	3.3007e-05	7.6412e-03
384	3.4683e-05	7.6178e-03
385	3.6849e-05	7.6585e-03
386	3.7271e-05	7.6250e-03
387	3.6777e-05	7.6546e-03
388	3.5017e-05	7.6323e-03
389	3.3452e-05	7.6481e-03
390	3.2482e-05	7.6551e-03
391	3.2314e-05	7.6661e-03
392	3.2817e-05	7.7045e-03
393	3.3542e-05	7.7089e-03
394	3.4591e-05	7.7566e-03
395	3.5610e-05	7.7416e-03
396	3.7206e-05	7.7853e-03
397	3.8611e-05	7.7412e-03
398	4.1419e-05	7.7817e-03
399	4.4430e-05	7.7067e-03
400	5.1440e-05	7.7630e-03
401	6.0065e-05	7.6342e-03
402	7.9824e-05	7.7296e-03
403	1.0439e-04	7.4774e-03
404	1.5674e-04	7.6032e-03
405	2.0485e-04	7.1057e-03
406	2.7578e-04	7.1554e-03
407	2.2867e-04	6.5186e-03
408	1.4278e-04	6.4330e-03
409	4.3499e-05	6.4726e-03
410	9.5927e-05	6.1828e-03
411	1.4653e-04	6.3597e-03
412	6.3528e-05	6.3878e-03
413	6.9238e-05	6.1780e-03
414	1.2043e-04	6.4013e-03
415	6.2095e-05	6.4174e-03
416	5.9557e-05	6.2535e-03
417	1.0079e-04	6.5519e-03
418	6.1163e-05	6.5996e-03
419	4.7836e-05	6.5668e-03
420	8.0185e-05	6.9305e-03
421	6.7075e-05	6.9040e-03
422	4.0619e-05	6.9727e-03
423	4.7223e-05	7.2005e-03
424	6.3417e-05	7.0671e-03
425	5.9970e-05	7.1978e-03
426	4.0745e-05	7.1892e-03
427	3.3955e-05	7.1823e-03
428	4.3082e-05	7.3423e-03
429	5.4276e-05	7.3038e-03
430	6.0806e-05	7.4860e-03
431	5.8379e-05	7.4664e-03
432	5.4249e-05	7.5994e-03
433	4.8658e-05	7.5801e-03
434	4.4524e-05	7.6625e-03
435	4.1102e-05	7.6425e-03
436	3.9608e-05	7.7020e-03
437	3.8509e-05	7.6821e-03
438	3.8382e-05	7.7366e-03
439	3.8701e-05	7.7130e-03
440	4.0172e-05	7.7685e-03
441	4.1975e-05	7.7154e-03
442	4.6616e-05	7.7549e-03
443	5.4088e-05	7.6270e-03
444	6.8174e-05	7.6779e-03
445	9.1872e-05	7.4212e-03
446	1.3937e-04	7.5150e-03
447	1.9500e-04	7.0607e-03
448	3.0619e-04	7.1367e-03
449	2.9675e-04	6.4454e-03
450	2.5140e-04	6.3149e-03
451	7.1802e-05	6.1597e-03
452	8.2742e-05	5.8881e-03
453	1.7234e-04	6.0453e-03
454	7.2378e-05	6.1008e-03
455	8.7320e-05	5.8816e-03
456	1.3457e-04	6.0538e-03
457	5.5944e-05	6.2494e-03
458	1.0074e-04	5.9826e-03
459	1.0986e-04	6.1589e-03
460	5.1031e-05	6.4751e-03
461	1.0351e-04	6.2500e-03
462	1.0128e-04	6.4873e-03
463	4.6103e-05	6.7798e-03
464	8.8322e-05	6.5922e-03
465	1.0453e-04	6.8151e-03
466	4.6734e-05	6.8861e-03
467	5.5040e-05	6.7439e-03
468	9.5410e-05	6.9480e-03
469	7.1351e-05	6.8469e-03
470	3.6839e-05	6.8792e-03
471	4.7980e-05	7.1003e-03
472	7.2492e-05	7.0620e-03
473	7.4038e-05	7.2735e-03
474	4.8548e-05	7.3332e-03
475	3.2383e-05	7.4287e-03
476	3.8625e-05	7.6043e-03
477	5.6727e-05	7.5505e-03
478	7.6334e-05	7.6881e-03
479	8.2787e-05	7.5037e-03
480	9.2506e-05	7.5732e-03
481	8.3754e-05	7.3580e-03
482	7.3334e-05	7.3977e-03
483	5.1417e-05	7.2946e-03
484	3.5543e-05	7.2916e-03
485	3.3324e-05	7.3375e-03
486	4.2840e-05	7.2517e-03
487	5.1392e-05	7.3240e-03
488	4.7299e-05	7.2263e-03
489	3.7524e-05	7.2398e-03
490	3.1892e-05	7.2703e-03
491	3.6133e-05	7.2320e-03
492	4.3379e-05	7.3511e-03
493	4.3976e-05	7.3113e-03
494	3.9025e-05	7.3768e-03
495	3.2967e-05	7.3705e-03
496	3.1979e-05	7.3262e-03
497	3.5552e-05	7.3578e-03
498	3.8877e-05	7.2753e-03
499	3.9625e-05	7.3362e-03
500	3.6780e-05	7.3147e-03
501	3.3316e-05	7.3837e-03
502	3.1141e-05	7.4462e-03
503	3.1429e-05	7.4770e-03
504	3.3530e-05	7.5573e-03
505	3.6104e-05	7.5147e-03
506	3.8348e-05	7.5622e-03
507	3.8914e-05	7.4722e-03
508	3.8909e-05	7.5033e-03
509	3.7679e-05	7.4240e-03
510	3.6920e-05	7.4725e-03
511	3.6045e-05	7.4290e-03
512	3.5338e-05	7.4921e-03
513	3.4241e-05	7.4657e-03
514	3.3301e-05	7.5091e-03
515	3.2245e-05	7.4797e-03
516	3.1549e-05	7.4935e-03
517	3.0923e-05	7.4725e-03
518	3.0601e-05	7.4706e-03
519	3.0480e-05	7.4740e-03
520	3.0517e-05	7.4644e-03
521	3.0734e-05	7.4871e-03
522	3.1023e-05	7.4609e-03
523	3.1548e-05	7.4882e-03
524	3.2144e-05	7.4393e-03
525	3.3210e-05	7.4745e-03
526	3.4640e-05	7.3994e-03
527	3.7179e-05	7.4619e-03
528	4.1197e-05	7.3509e-03
529	4.9084e-05	7.4600e-03
530	6.3086e-05	7.2569e-03
531	9.2526e-05	7.4411e-03
532	1.3749e-04	7.0319e-03
533	2.4799e-04	7.2547e-03
534	3.7676e-04	6.4681e-03
535	6.4115e-04	6.1042e-03
536	3.8715e-04	4.9525e-03
537	9.8267e-05	4.7491e-03
538	1.9442e-04	5.0221e-03
539	1.9067e-04	4.9275e-03
540	1.0177e-04	4.9412e-03
541	1.9440e-04	5.2585e-03
542	9.4831e-05	5.6646e-03
543	1.6954e-04	5.1639e-03
544	1.1885e-04	5.1567e-03
545	1.1508e-04	5.8059e-03
546	1.5063e-04	5.5591e-03
547	7.5110e-05	5.6465e-03
548	1.1248e-04	6.3041e-03
549	9.7485e-05	6.2919e-03
550	5.3464e-05	6.2734e-03
551	8.5876e-05	6.5983e-03
552	8.0193e-05	6.4162e-03
553	4.3075e-05	6.4240e-03
554	5.3724e-05	6.7325e-03
555	7.9765e-05	6.7041e-03
556	7.8301e-05	7.0692e-03
557	5.1069e-05	7.2464e-03
558	3.4494e-05	7.4721e-03
559	3.4796e-05	7.6898e-03
560	4.8729e-05	7.6937e-03
561	8.0406e-05	7.8505e-03
562	1.4566e-04	7.5206e-03
563	3.7480e-04	7.6186e-03
564	8.3936e-04	7.0759e-03
565	2.6752e-03	4.9843e-03
566	1.4894e-03	2.6271e-03
567	2.9528e-04	3.1061e-03
568	9.0136e-04	2.4189e-03
569	6.3276e-04	2.2544e-03
570	5.5262e-04	2.6569e-03
571	8.6548e-04	2.4716e-03
572	5.3905e-04	2.6384e-03
573	6.6083e-04	2.7996e-03
574	6.8094e-04	2.8805e-03
575	4.1551e-04	3.5193e-03
576	5.7309e-04	3.4729e-03
577	4.0736e-04	3.2662e-03
578	4.0820e-04	3.4726e-03
579	4.6244e-04	4.0071e-03
580	2.7556e-04	4.9521e-03
581	4.2290e-04	4.5649e-03
582	2.1431e-04	4.7655e-03
583	3.3021e-04	5.3179e-03
584	1.5569e-04	5.8823e-03
585	2.7499e-04	5.2605e-03
586	1.8220e-04	5.1658e-03
587	1.6534e-04	5.4558e-03
588	1.9249e-04	5.0822e-03
589	8.1651e-05	5.0013e-03
590	1.5805e-04	5.1594e-03
591	6.9627e-05	5.5101e-03
592	1.2364e-04	5.6079e-03
593	1.3170e-04	5.9521e-03
594	4.8675e-05	6.4374e-03
595	1.6572e-04	6.4908e-03
596	2.1763e-04	6.5670e-03
597	4.6953e-05	6.7081e-03
598	1.5131e-04	6.5908e-03
599	3.4602e-04	6.4768e-03
600	9.5574e-05	6.4115e-03
601	1.0265e-04	6.3427e-03
602	2.6366e-04	6.3770e-03
603	8.7319e-05	6.3717e-03
604	8.0950e-05	6.3014e-03
605	1.8936e-04	6.2943e-03
606	6.0194e-05	6.2553e-03
607	9.2354e-05	6.0203e-03
608	1.5618e-04	5.9206e-03
609	4.3150e-05	5.9966e-03
610	1.3513e-04	5.7357e-03
611	1.4615e-04	5.7217e-03
612	5.2008e-05	6.0295e-03
613	1.7633e-04	5.7823e-03
614	1.1978e-04	5.8310e-03
615	7.2263e-05	6.1790e-03
616	1.7171e-04	5.8452e-03
617	7.6687e-05	5.8082e-03
618	8.8756e-05	6.0327e-03
619	1.1621e-04	5.7801e-03
620	4.5494e-05	5.6819e-03
621	9.3052e-05	5.8145e-03
622	5.4309e-05	5.8721e-03
623	6.8066e-05	5.7280e-03
624	7.4741e-05	5.8061e-03
625	4.8442e-05	6.0163e-03
626	8.0224e-05	5.8889e-03
627	4.7998e-05	5.9038e-03
628	6.0293e-05	6.0744e-03
629	5.7647e-05	6.0537e-03
630	4.1529e-05	6.0317e-03
631	5.7664e-05	6.1506e-03
632	4.0150e-05	6.2453e-03
633	4.8061e-05	6.2207e-03
634	5.0048e-05	6.3174e-03
635	3.7165e-05	6.4398e-03
636	5.0087e-05	6.4180e-03
637	4.6013e-05	6.4834e-03
638	3.6803e-05	6.5713e-03
639	4.9238e-05	6.5340e-03
640	4.5850e-05	6.5729e-03
641	3.6086e-05	6.6277e-03
642	4.7485e-05	6.5867e-03
643	4.7324e-05	6.6179e-03
644	3.5747e-05	6.6563e-03
645	4.5352e-05	6.6160e-03
646	4.8074e-05	6.6441e-03
647	3.6011e-05	6.6602e-03
648	4.2033e-05	6.6152e-03
649	4.7596e-05	6.6354e-03
650	3.6681e-05	6.6322e-03
651	3.9034e-05	6.5829e-03
652	4.4958e-05	6.6004e-03
653	3.6871e-05	6.5901e-03
654	3.7162e-05	6.5493e-03
655	4.2547e-05	6.5760e-03
656	3.6871e-05	6.5662e-03
657	3.5793e-05	6.5356e-03
658	4.0001e-05	6.5642e-03
659	3.6737e-05	6.5506e-03
660	3.4971e-05	6.5202e-03
661	3.8005e-05	6.5451e-03
662	3.6096e-05	6.5259e-03
663	3.4606e-05	6.5009e-03
664	3.6493e-05	6.5195e-03
665	3.5701e-05	6.5008e-03
666	3.4364e-05	6.4881e-03
667	3.5425e-05	6.5099e-03
668	3.5298e-05	6.4962e-03
669	3.4244e-05	6.4909e-03
670	3.4700e-05	6.5103e-03
671	3.4905e-05	6.4985e-03
672	3.4156e-05	6.4989e-03
673	3.4203e-05	6.5126e-03
674	3.4545e-05	6.4998e-03
675	3.4146e-05	6.5050e-03
676	3.3874e-05	6.5149e-03
677	3.4138e-05	6.5065e-03
678	3.4004e-05	6.5162e-03
679	3.3653e-05	6.5268e-03
680	3.3875e-05	6.5183e-03
681	3.3949e-05	6.5317e-03
682	3.3540e-05	6.5375e-03
683	3.3526e-05	6.5312e-03
684	3.3776e-05	6.5431e-03
685	3.3503e-05	6.5416e-03
686	3.3302e-05	6.5364e-03
687	3.3444e-05	6.5464e-03
688	3.3396e-05	6.5392e-03
689	3.3178e-05	6.5388e-03
690	3.3236e-05	6.5480e-03
691	3.3301e-05	6.5412e-03
692	3.3132e-05	6.5443e-03
693	3.2993e-05	6.5501e-03
694	3.3089e-05	6.5418e-03
695	3.3062e-05	6.5459e-03
696	3.2907e-05	6.5437e-03
697	3.2882e-05	6.5335e-03
698	3.2908e-05	6.5347e-03
699	3.2822e-05	6.5295e-03
700	3.2713e-05	6.5251e-03
701	3.2736e-05	6.5296e-03
702	3.2734e-05	6.5268e-03
703	3.2648e-05	6.5245e-03
704	3.2604e-05	6.5276e-03
705	3.2594e-05	6.5190e-03
706	3.2558e-05	6.5188e-03
707	3.2496e-05	6.5130e-03
708	3.2451e-05	6.5057e-03
709	3.2462e-05	6.5066e-03
710	3.2433e-05	6.4997e-03
711	3.2359e-05	6.4996e-03
712	3.2327e-05	6.5030e-03
713	3.2301e-05	6.4975e-03
714	3.2300e-05	6.5018e-03
715	3.2227e-05	6.5011e-03
716	3.2209e-05	6.4994e-03
717	3.2202e-05	6.5018e-03
718	3.2148e-05	6.4977e-03
719	3.2102e-05	6.4985e-03
720	3.2082e-05	6.5024e-03
721	3.2069e-05	6.4986e-03
722	3.2053e-05	6.5027e-03
723	3.1993e-05	6.5048e-03
724	3.1977e-05	6.5007e-03
725	3.1973e-05	6.5056e-03
726	3.1936e-05	6.5034e-03
727	3.1873e-05	6.5042e-03
728	3.1868e-05	6.5066e-03
729	3.1861e-05	6.5005e-03
730	3.1848e-05	6.5027e-03
731	3.1801e-05	6.4972e-03
732	3.1739e-05	6.4953e-03
733	3.1720e-05	6.4938e-03
734	3.1704e-05	6.4935e-03
735	3.1689e-05	6.4945e-03
736	3.1654e-05	6.4951e-03
737	3.1611e-05	6.4964e-03
738	3.1595e-05	6.4990e-03
739	3.1579e-05	6.4959e-03
740	3.1549e-05	6.4917e-03
741	3.1521e-05	6.4904e-03
742	3.1499e-05	6.4853e-03
743	3.1478e-05	6.4863e-03
744	3.1453e-05	6.4859e-03
745	3.1406e-05	6.4878e-03
746	3.1383e-05	6.4863e-03
747	3.1362e-05	6.4874e-03
748	3.1355e-05	6.4832e-03
749	3.1310e-05	6.4799e-03
750	3.1297e-05	6.4764e-03
751	3.1263e-05	6.4720e-03
752	3.1247e-05	6.4724e-03
753	3.1236e-05	6.4674e-03
754	3.1203e-05	6.4722e-03
755	3.1168e-05	6.4734e-03
756	3.1147e-05	6.4740e-03
757	3.1138e-05	6.4775e-03
758	3.1120e-05	6.4730e-03
759	3.1110e-05	6.4735e-03
760	3.1075e-05	6.4659e-03
761	3.1047e-05	6.4645e-03
762	3.1019e-05	6.4633e-03
763	3.0997e-05	6.4635e-03
764	3.0975e-05	6.4659e-03
765	3.0957e-05	6.4653e-03
766	3.0934e-05	6.4680e-03
767	3.0909e-05	6.4668e-03
768	3.0889e-05	6.4642e-03
769	3.0852e-05	6.4635e-03
770	3.0842e-05	6.4611e-03
771	3.0814e-05	6.4617e-03
772	3.0799e-05	6.4589e-03
773	3.0785e-05	6.4590e-03
774	3.0771e-05	6.4596e-03
775	3.0755e-05	6.4579e-03
776	3.0741e-05	6.4598e-03
777	3.0719e-05	6.4576e-03
778	3.0682e-05	6.4581e-03
779	3.0659e-05	6.4562e-03
780	3.0651e-05	6.4528e-03
781	3.0627e-05	6.4525e-03
782	3.0611e-05	6.4462e-03
783	3.0588e-05	6.4470e-03
784	3.0569e-05	6.4474e-03
785	3.0545e-05	6.4483e-03
786	3.0534e-05	6.4513e-03
787	3.0510e-05	6.4480e-03
788	3.0492e-05	6.4498e-03
789	3.0465e-05	6.4466e-03
790	3.0445e-05	6.4454e-03
791	3.0445e-05	6.4463e-03
792	3.0423e-05	6.4403e-03
793	3.0426e-05	6.4444e-03
794	3.0432e-05	6.4357e-03
795	3.0448e-05	6.4436e-03
796	3.0469e-05	6.4334e-03
797	3.0475e-05	6.4433e-03
798	3.0506e-05	6.4282e-03
799	3.0523e-05	6.4389e-03
800	3.0581e-05	6.4201e-03
801	3.0601e-05	6.4343e-03
802	3.0596e-05	6.4158e-03
803	3.0647e-05	6.4327e-03
804	3.0629e-05	6.4159e-03
805	3.0625e-05	6.4335e-03
806	3.0609e-05	6.4160e-03
807	3.0639e-05	6.4346e-03
808	3.0647e-05	6.4160e-03
809	3.0701e-05	6.4366e-03
810	3.0787e-05	6.4112e-03
811	3.1064e-05	6.4395e-03
812	3.1445e-05	6.4022e-03
813	3.2103e-05	6.4415e-03
814	3.2905e-05	6.3823e-03
815	3.4409e-05	6.4356e-03
816	3.6017e-05	6.3505e-03
817	3.9334e-05	6.4309e-03
818	4.2408e-05	6.3092e-03
819	4.9390e-05	6.4180e-03
820	5.5377e-05	6.2272e-03
821	6.9851e-05	6.3592e-03
822	7.9281e-05	6.0736e-03
823	1.0200e-04	6.2106e-03
824	9.3415e-05	5.8854e-03
825	9.6050e-05	6.0092e-03
826	6.5721e-05	5.8096e-03
827	4.2456e-05	5.8673e-03
828	3.2508e-05	5.9922e-03
829	4.4003e-05	5.9010e-03
830	6.0198e-05	6.1039e-03
831	5.5932e-05	5.9475e-03
832	4.4002e-05	6.0189e-03
833	3.2563e-05	6.0484e-03
834	3.4259e-05	6.0012e-03
835	4.4115e-05	6.1938e-03
836	4.8646e-05	6.0959e-03
837	4.8056e-05	6.2531e-03
838	3.9954e-05	6.1974e-03
839	3.3398e-05	6.2410e-03
840	3.0552e-05	6.2750e-03
841	3.2439e-05	6.2172e-03
842	3.6810e-05	6.3012e-03
843	3.9374e-05	6.2007e-03
844	4.0720e-05	6.2891e-03
845	3.7712e-05	6.2256e-03
846	3.4206e-05	6.2954e-03
847	3.0985e-05	6.3146e-03
848	2.9843e-05	6.3473e-03
849	3.0505e-05	6.4204e-03
850	3.2394e-05	6.3881e-03
851	3.5373e-05	6.4718e-03
852	3.7350e-05	6.3871e-03
853	4.0844e-05	6.4728e-03
854	4.3241e-05	6.3493e-03
855	4.8495e-05	6.4541e-03
856	5.0026e-05	6.3061e-03
857	5.6409e-05	6.4191e-03
858	5.8618e-05	6.2277e-03
859	6.9354e-05	6.3379e-03
860	6.9750e-05	6.0910e-03
861	7.5921e-05	6.1853e-03
862	6.1415e-05	5.9777e-03
863	4.9911e-05	6.0408e-03
864	3.4124e-05	6.0407e-03
865	3.1384e-05	6.0242e-03
866	4.0002e-05	6.1812e-03
867	4.5951e-05	6.0728e-03
868	4.5951e-05	6.1782e-03
869	3.6834e-05	6.1191e-03
870	3.0834e-05	6.1190e-03
871	3.1932e-05	6.2110e-03
872	3.6758e-05	6.1516e-03
873	4.0349e-05	6.2794e-03
874	3.6893e-05	6.2368e-03
875	3.2611e-05	6.2880e-03
876	2.9897e-05	6.3103e-03
877	3.0752e-05	6.2694e-03
878	3.3688e-05	6.3382e-03
879	3.5511e-05	6.2620e-03
880	3.6445e-05	6.3346e-03
881	3.4326e-05	6.2944e-03
882	3.2158e-05	6.3565e-03
883	3.0146e-05	6.3773e-03
884	2.9398e-05	6.4016e-03
885	2.9817e-05	6.4516e-03
886	3.0954e-05	6.4218e-03
887	3.2667e-05	6.4813e-03
888	3.3802e-05	6.4132e-03
889	3.5806e-05	6.4768e-03
890	3.6496e-05	6.3844e-03
891	3.8600e-05	6.4589e-03
892	3.8789e-05	6.3566e-03
893	4.1220e-05	6.4332e-03
894	4.0921e-05	6.3075e-03
895	4.3225e-05	6.3794e-03
896	4.1834e-05	6.2407e-03
897	4.2182e-05	6.3001e-03
898	3.8735e-05	6.1880e-03
899	3.6483e-05	6.2419e-03
900	3.2422e-05	6.2035e-03
901	3.0108e-05	6.2275e-03
902	2.9315e-05	6.2567e-03
903	2.9821e-05	6.2409e-03
904	3.0948e-05	6.2973e-03
905	3.2047e-05	6.2417e-03
906	3.3115e-05	6.3049e-03
907	3.2948e-05	6.2427e-03
908	3.2593e-05	6.2997e-03
909	3.1513e-05	6.2638e-03
910	3.0629e-05	6.3060e-03
911	2.9738e-05	6.2975e-03
912	2.9227e-05	6.3133e-03
913	2.9041e-05	6.3248e-03
914	2.9093e-05	6.3135e-03
915	2.9357e-05	6.3397e-03
916	2.9719e-05	6.3136e-03
917	3.0366e-05	6.3674e-03
918	3.1268e-05	6.3250e-03
919	3.3127e-05	6.4061e-03
920	3.4954e-05	6.3279e-03
921	3.9571e-05	6.4314e-03
922	4.5504e-05	6.2726e-03
923	6.2697e-05	6.4210e-03
924	8.9091e-05	6.0821e-03
925	1.7180e-04	6.2982e-03
926	2.6891e-04	5.7298e-03
927	6.2701e-04	5.6767e-03
928	6.4980e-04	4.8841e-03
929	7.4993e-04	3.8288e-03
930	9.4365e-05	4.1017e-03
931	5.9130e-04	3.6364e-03
932	4.3518e-04	3.4815e-03
933	3.9289e-04	3.6265e-03
934	3.8363e-04	3.5064e-03
935	3.0645e-04	3.2991e-03
936	3.3732e-04	3.3390e-03
937	3.3210e-04	3.6664e-03
938	2.4243e-04	3.9505e-03
939	3.0224e-04	3.6371e-03
940	2.3913e-04	3.8359e-03
941	2.7639e-04	4.4239e-03
942	2.0128e-04	4.6371e-03
943	1.9543e-04	4.3710e-03
944	2.3198e-04	4.4839e-03
945	1.3236e-04	5.0791e-03
946	2.4107e-04	4.6132e-03
947	8.3661e-05	4.6071e-03
948	1.5592e-04	4.8356e-03
949	9.7461e-05	4.8877e-03
950	7.7265e-05	4.9072e-03
951	1.2802e-04	5.1203e-03
952	4.2594e-05	5.4835e-03
953	1.2024e-04	5.5319e-03
954	1.5005e-04	5.6940e-03
955	3.5158e-05	5.9839e-03
956	1.3714e-04	5.9537e-03
957	2.7741e-04	5.9544e-03
958	8.3874e-05	5.8920e-03
959	5.8843e-05	5.8650e-03
960	1.7599e-04	5.9385e-03
961	9.4511e-05	5.8325e-03
962	3.6854e-05	5.8170e-03
963	7.7494e-05	5.9012e-03
964	6.3787e-05	5.8058e-03
965	3.5256e-05	5.7522e-03
966	5.0173e-05	5.7918e-03
967	4.7323e-05	5.7181e-03
968	3.3575e-05	5.6897e-03
969	4.1908e-05	5.7634e-03
970	4.1193e-05	5.7585e-03
971	3.4102e-05	5.7831e-03
972	3.9083e-05	5.8731e-03
973	3.8298e-05	5.8790e-03
974	3.4169e-05	5.8723e-03
975	3.7054e-05	5.9006e-03
976	3.6133e-05	5.8533e-03
977	3.3126e-05	5.8067e-03
978	3.4683e-05	5.8053e-03
979	3.4278e-05	5.7688e-03
980	3.2252e-05	5.7601e-03
981	3.3357e-05	5.8027e-03
982	3.3453e-05	5.8193e-03
983	3.2021e-05	5.8582e-03
984	3.2490e-05	5.9198e-03
985	3.3076e-05	5.9421e-03
986	3.1998e-05	5.9700e-03
987	3.1922e-05	6.0023e-03
988	3.2518e-05	5.9940e-03
989	3.2082e-05	6.0038e-03
990	3.1412e-05	6.0111e-03
991	3.1796e-05	6.0004e-03
992	3.2068e-05	6.0130e-03
993	3.1423e-05	6.0155e-03
994	3.1293e-05	6.0065e-03
995	3.1769e-05	6.0149e-03
996	3.1615e-05	5.9983e-03
997	3.1138e-05	5.9834e-03
998	3.1176e-05	5.9742e-03
999	3.1361e-05	5.9460e-03