0	1.3997e-02	9.7621e-03	1.2181e-02
1	1.3535e-02	9.1818e-03	1.4174e-02
2	1.6870e-02	8.8016e-03	1.1781e-02
3	1.3458e-02	1.1002e-02	1.2117e-02
4	1.3383e-02	9.8284e-03	1.1526e-02
5	1.3293e-02	8.6529e-03	1.2110e-02
6	1.4219e-02	8.6853e-03	1.1637e-02
7	1.3561e-02	8.6980e-03	1.1201e-02
8	1.2776e-02	9.2315e-03	1.1256e-02
9	1.2688e-02	9.0930e-03	1.1018e-02
10	1.2586e-02	8.4732e-03	1.1081e-02
11	1.2879e-02	8.2139e-03	1.1072e-02
12	1.2938e-02	8.0865e-03	1.0726e-02
13	1.2457e-02	8.2088e-03	1.0547e-02
14	1.2132e-02	8.2571e-03	1.0397e-02
15	1.1999e-02	7.8610e-03	1.0300e-02
16	1.2036e-02	7.4864e-03	1.0245e-02
17	1.2062e-02	7.2848e-03	9.9605e-03
18	1.1723e-02	7.2209e-03	9.6662e-03
19	1.1341e-02	7.1303e-03	9.4248e-03
20	1.1109e-02	6.7178e-03	9.2176e-03
21	1.1002e-02	6.2649e-03	8.9616e-03
22	1.0785e-02	5.9735e-03	8.5413e-03
23	1.0310e-02	5.7204e-03	8.1412e-03
24	9.8967e-03	5.2596e-03	7.7632e-03
25	9.5700e-03	4.7075e-03	7.3201e-03
26	9.1278e-03	4.2575e-03	6.7190e-03
27	8.4683e-03	3.7525e-03	6.1147e-03
28	7.8333e-03	3.0077e-03	5.4627e-03
29	7.0481e-03	2.3753e-03	4.7002e-03
30	6.0158e-03	1.8454e-03	4.1495e-03
31	5.1157e-03	1.3737e-03	3.7330e-03
32	4.0964e-03	7.3575e-04	3.9286e-03
33	3.1639e-03	1.2354e-03	9.5583e-03
34	7.9577e-03	7.9169e-04	8.6536e-03
35	8.9428e-03	2.6460e-04	8.1040e-03
36	6.2583e-03	1.3364e-03	3.3847e-03
37	2.8759e-03	3.0723e-03	1.8597e-03
38	2.6904e-03	8.2132e-04	3.4906e-03
39	3.1141e-03	7.4836e-04	3.4359e-03
40	2.7396e-03	5.3284e-04	2.8305e-03
41	2.4933e-03	1.1010e-03	3.3193e-03
42	2.3742e-03	6.5640e-04	4.2025e-03
43	2.5820e-03	5.3956e-04	3.0229e-03
44	1.7737e-03	8.0586e-04	2.6511e-03
45	1.4976e-03	2.9546e-04	3.4294e-03
46	1.6966e-03	2.8433e-04	2.6390e-03
47	1.1607e-03	7.9946e-04	3.7401e-03
48	1.3163e-03	5.4997e-04	3.6515e-03
49	8.1267e-04	1.1865e-03	5.4156e-03
50	1.6850e-03	1.0849e-03	4.6876e-03
51	7.6880e-04	1.6077e-03	5.4213e-03
52	1.6320e-03	1.3826e-03	4.5063e-03
53	1.2089e-03	8.8123e-04	3.2984e-03
54	8.3624e-04	2.1405e-04	3.3724e-03
55	1.0743e-03	2.9211e-04	2.6525e-03
56	6.9337e-04	7.3424e-04	2.7931e-03
57	6.8985e-04	3.7311e-04	3.2834e-03
58	8.5825e-04	2.3508e-04	3.4658e-03
59	6.7853e-04	2.9735e-04	3.8802e-03
60	6.4989e-04	3.8289e-04	4.1231e-03
61	4.4914e-04	4.6378e-04	4.3708e-03
62	4.6066e-04	4.0314e-04	4.5505e-03
63	3.4600e-04	5.6561e-04	4.8851e-03
64	7.4979e-04	5.1545e-04	5.1785e-03
65	3.5872e-04	8.1060e-04	5.8599e-03
66	1.7560e-03	9.3547e-04	4.6878e-03
67	3.2678e-04	1.6143e-03	4.7382e-03
68	1.0531e-03	1.1207e-03	4.8543e-03
69	1.6324e-03	2.7937e-04	5.1567e-03
70	1.8048e-03	1.0697e-03	3.1898e-03
71	1.0934e-03	1.0115e-03	4.5351e-03
72	2.8739e-03	6.9094e-04	2.1328e-03
73	7.1272e-04	2.0249e-03	2.2107e-03
74	7.9391e-04	5.8444e-04	2.9425e-03
75	1.3938e-03	6.8228e-04	2.8826e-03
76	9.6703e-04	4.0145e-04	3.4732e-03
77	9.2122e-04	6.8244e-04	3.3476e-03
78	5.7456e-04	5.3908e-04	3.9983e-03
79	1.1132e-03	2.5626e-04	4.1262e-03
80	7.1185e-04	8.8888e-04	3.7569e-03
81	5.9422e-04	7.5445e-04	4.4282e-03
82	1.3128e-03	1.5271e-04	4.7172e-03
83	1.1169e-03	8.7317e-04	4.1139e-03
84	1.0107e-03	1.0573e-03	4.6927e-03
85	1.7601e-03	1.9266e-04	4.3267e-03
86	1.3171e-03	1.7661e-03	3.2588e-03
87	7.7871e-04	1.0654e-03	5.1229e-03
88	3.1969e-03	8.0257e-04	2.4879e-03
89	8.0530e-04	1.0086e-03	2.6677e-03
90	1.3610e-03	9.7040e-04	2.2580e-03
91	8.4632e-04	6.1275e-04	3.2682e-03
92	1.7578e-03	6.6593e-04	2.6524e-03
93	9.6286e-04	4.4002e-04	2.9215e-03
94	9.3198e-04	8.5861e-04	2.8658e-03
95	5.5669e-04	4.3604e-04	3.6608e-03
96	1.1444e-03	4.3138e-04	3.4677e-03
97	4.4336e-04	5.0004e-04	3.9632e-03
98	5.3053e-04	2.0512e-04	3.8363e-03
99	5.9065e-04	2.2864e-04	4.1023e-03
100	4.0212e-04	3.4718e-04	4.0549e-03
101	3.5595e-04	3.1008e-04	4.2091e-03
102	4.2447e-04	1.3712e-04	5.0221e-03
103	4.7136e-04	1.0811e-04	4.4454e-03
104	3.5593e-04	1.6889e-04	4.6968e-03
105	3.0073e-04	2.1978e-04	4.3708e-03
106	3.0027e-04	2.6461e-04	4.5635e-03
107	2.2624e-04	2.5425e-04	4.6848e-03
108	2.2050e-04	2.6173e-04	4.7687e-03
109	2.1126e-04	1.6720e-04	4.8290e-03
110	1.9018e-04	1.5651e-04	4.5377e-03
111	1.7622e-04	1.3722e-04	4.4647e-03
112	1.6029e-04	1.0557e-04	4.6215e-03
113	1.4355e-04	1.3470e-04	4.7415e-03
114	1.7696e-04	1.5030e-04	5.5128e-03
115	1.6728e-04	1.7881e-04	5.0807e-03
116	3.6231e-04	3.2447e-04	5.7540e-03
117	1.6078e-04	5.3371e-04	5.5577e-03
118	1.3746e-03	9.5805e-04	4.6494e-03
119	4.1282e-04	1.2132e-03	4.5530e-03
120	7.3960e-04	9.6658e-04	4.7500e-03
121	1.5638e-03	3.1396e-04	4.7107e-03
122	1.1047e-03	1.7960e-03	2.8671e-03
123	9.0573e-04	1.0890e-03	4.8360e-03
124	3.6294e-03	1.1983e-03	3.1530e-03
125	2.1328e-03	7.4683e-04	1.7315e-03
126	1.0336e-03	2.6025e-03	1.8806e-03
127	1.1364e-03	8.0670e-04	2.2508e-03
128	1.2569e-03	7.4690e-04	3.1939e-03
129	1.8550e-03	6.4089e-04	2.4905e-03
130	7.7178e-04	5.2698e-04	3.3382e-03
131	9.9678e-04	5.1524e-04	3.0955e-03
132	4.5695e-04	4.5343e-04	3.8144e-03
133	8.9614e-04	2.7757e-04	3.6941e-03
134	4.1164e-04	7.1124e-04	3.6177e-03
135	2.9911e-04	4.4438e-04	4.1263e-03
136	8.0308e-04	1.7922e-04	4.3318e-03
137	5.8752e-04	6.7658e-04	3.8428e-03
138	4.0882e-04	6.5477e-04	4.2847e-03
139	9.7946e-04	1.7722e-04	4.2285e-03
140	7.2301e-04	9.2650e-04	3.3640e-03
141	3.7765e-04	6.3473e-04	4.0988e-03
142	1.4415e-03	4.1395e-04	2.8867e-03
143	3.6570e-04	8.1063e-04	2.9142e-03
144	5.3158e-04	2.2874e-04	2.8587e-03
145	6.0954e-04	3.7827e-04	2.8789e-03
146	5.7588e-04	2.2472e-04	2.9856e-03
147	4.4302e-04	4.4882e-04	3.0824e-03
148	3.4032e-04	2.4321e-04	3.3745e-03
149	4.9475e-04	2.4426e-04	3.5620e-03
150	2.6833e-04	2.5618e-04	3.9469e-03
151	2.8270e-04	1.5101e-04	3.9491e-03
152	2.8548e-04	1.3971e-04	4.3440e-03
153	2.4700e-04	1.7716e-04	4.2831e-03
154	2.0565e-04	2.1905e-04	4.4098e-03
155	2.1014e-04	1.0590e-04	4.8731e-03
156	2.2185e-04	8.4929e-05	4.6564e-03
157	1.7144e-04	8.5075e-05	4.8648e-03
158	1.7202e-04	9.5813e-05	4.6136e-03
159	1.5284e-04	1.5093e-04	4.7609e-03
160	1.2574e-04	1.8487e-04	4.6494e-03
161	1.6214e-04	2.6794e-04	4.7959e-03
162	1.0948e-04	2.3753e-04	4.7933e-03
163	1.3301e-04	2.7959e-04	4.7868e-03
164	1.2569e-04	1.6302e-04	4.7772e-03
165	1.0485e-04	1.4881e-04	4.5723e-03
166	1.0421e-04	1.0619e-04	4.5202e-03
167	9.1101e-05	8.9024e-05	4.5724e-03
168	8.4562e-05	9.7889e-05	4.7100e-03
169	9.3799e-05	1.1740e-04	5.1619e-03
170	8.4384e-05	1.5343e-04	5.0921e-03
171	1.9117e-04	3.0928e-04	5.4899e-03
172	7.3088e-05	4.0566e-04	5.2585e-03
173	5.2600e-04	7.0894e-04	5.0328e-03
174	2.4838e-04	4.8446e-04	4.9142e-03
175	1.2448e-04	3.7418e-04	4.5736e-03
176	2.9496e-04	9.4174e-05	4.9290e-03
177	3.9242e-04	2.4066e-04	3.6169e-03
178	3.2601e-04	4.2517e-04	3.4748e-03
179	4.8017e-04	1.4078e-04	3.7780e-03
180	3.3987e-04	7.1754e-04	3.6521e-03
181	5.9932e-04	8.6773e-04	4.4901e-03
182	1.5085e-03	2.6051e-04	4.0905e-03
183	5.9431e-04	1.9358e-03	2.7675e-03
184	3.5680e-04	7.2479e-04	4.3658e-03
185	2.3564e-03	7.4902e-04	2.4789e-03
186	8.2951e-04	4.6743e-04	2.4278e-03
187	8.2701e-04	1.6730e-03	1.9649e-03
188	5.4298e-04	4.3671e-04	3.0209e-03
189	1.4048e-03	6.5935e-04	2.9790e-03
190	1.2052e-03	3.6875e-04	2.5642e-03
191	4.6261e-04	7.6836e-04	3.1509e-03
192	5.8492e-04	2.3873e-04	3.0181e-03
193	4.5386e-04	3.7454e-04	3.3732e-03
194	5.1097e-04	1.8873e-04	3.9051e-03
195	3.1084e-04	3.6582e-04	3.9555e-03
196	2.1100e-04	2.7159e-04	4.0645e-03
197	4.4076e-04	1.8765e-04	4.5181e-03
198	2.8355e-04	3.1610e-04	4.1692e-03
199	1.9617e-04	3.2061e-04	4.1299e-03
200	3.7370e-04	1.1589e-04	4.5165e-03
201	3.5467e-04	3.1968e-04	3.8050e-03
202	2.0821e-04	3.8064e-04	3.8241e-03
203	4.7639e-04	1.4267e-04	3.8447e-03
204	2.8824e-04	5.5130e-04	3.3855e-03
205	2.0558e-04	3.8906e-04	3.7193e-03
206	7.0911e-04	2.6155e-04	3.2949e-03
207	2.0655e-04	5.2984e-04	3.3166e-03
208	2.2786e-04	1.8764e-04	3.3466e-03
209	4.1099e-04	2.4866e-04	3.3150e-03
210	2.0531e-04	1.6729e-04	3.7441e-03
211	2.5221e-04	1.1510e-04	3.6221e-03
212	1.6659e-04	1.8088e-04	3.8511e-03
213	1.6041e-04	7.4736e-05	4.4960e-03
214	1.8343e-04	9.3514e-05	4.4025e-03
215	1.2913e-04	2.0271e-04	4.6638e-03
216	1.0614e-04	1.0568e-04	5.0283e-03
217	1.0386e-04	1.0590e-04	4.9551e-03
218	8.6919e-05	5.3375e-05	5.0105e-03
219	8.6749e-05	5.1845e-05	4.8027e-03
220	7.2158e-05	4.5990e-05	4.7886e-03
221	6.7764e-05	4.5011e-05	4.7705e-03
222	6.4116e-05	4.7527e-05	4.9811e-03
223	6.5735e-05	5.3209e-05	4.8996e-03
224	7.3477e-05	9.5236e-05	5.1575e-03
225	9.0006e-05	1.7302e-04	4.6618e-03
226	3.0097e-04	4.1504e-04	4.6105e-03
227	7.2217e-05	5.9278e-04	4.6200e-03
228	4.8729e-04	8.0791e-04	4.4415e-03
229	6.1289e-04	8.4723e-05	4.5119e-03
230	7.2047e-04	7.6164e-04	2.9985e-03
231	6.0496e-04	8.0379e-04	4.1473e-03
232	2.1231e-03	5.5878e-04	1.9535e-03
233	5.5266e-04	6.3442e-04	2.2545e-03
234	7.2448e-04	1.0447e-03	1.9115e-03
235	4.7062e-04	4.3960e-04	3.0092e-03
236	1.2766e-03	5.8418e-04	2.7364e-03
237	7.9455e-04	2.8649e-04	3.0467e-03
238	4.7501e-04	7.8654e-04	3.0609e-03
239	2.9055e-04	2.7504e-04	3.4150e-03
240	6.7991e-04	4.1102e-04	3.3152e-03
241	2.9642e-04	1.3479e-04	4.2005e-03
242	4.9370e-04	2.5499e-04	3.5319e-03
243	2.3213e-04	3.8786e-04	3.7722e-03
244	5.5167e-04	1.6899e-04	4.0426e-03
245	2.5791e-04	5.9055e-04	3.6902e-03
246	1.8711e-04	4.7936e-04	4.0258e-03
247	7.5207e-04	2.7129e-04	3.7215e-03
248	1.9754e-04	5.9682e-04	3.4106e-03
249	1.8918e-04	2.4354e-04	3.3358e-03
250	5.3347e-04	3.0545e-04	2.9698e-03
251	2.4312e-04	1.7719e-04	3.2431e-03
252	3.4085e-04	2.6218e-04	2.9512e-03
253	1.9409e-04	2.3460e-04	3.1974e-03
254	3.8740e-04	1.9336e-04	3.3352e-03
255	1.4713e-04	2.4395e-04	3.7289e-03
256	1.5926e-04	1.1446e-04	3.8090e-03
257	1.6990e-04	1.3933e-04	4.1809e-03
258	1.1734e-04	1.1535e-04	4.3341e-03
259	1.0926e-04	1.2164e-04	4.2569e-03
260	1.0955e-04	5.8303e-05	4.4739e-03
261	1.3131e-04	8.7871e-05	4.1994e-03
262	1.0455e-04	1.8151e-04	4.2226e-03
263	8.2206e-05	1.1646e-04	4.3414e-03
264	7.0178e-05	9.7913e-05	4.3726e-03
265	6.8235e-05	5.3627e-05	4.4755e-03
266	7.1649e-05	4.8867e-05	4.3800e-03
267	6.2581e-05	4.2851e-05	4.3555e-03
268	6.0987e-05	4.3575e-05	4.2770e-03
269	5.8856e-05	4.8360e-05	4.3651e-03
270	5.5888e-05	6.7833e-05	4.3806e-03
271	7.0851e-05	1.1705e-04	4.6263e-03
272	5.8226e-05	2.1320e-04	4.5066e-03
273	2.1878e-04	4.4956e-04	4.4459e-03
274	1.1226e-04	2.6531e-04	4.3766e-03
275	6.3916e-05	2.1583e-04	4.1619e-03
276	1.1360e-04	5.8253e-05	4.2774e-03
277	1.3300e-04	9.9749e-05	3.7594e-03
278	1.1014e-04	2.0140e-04	3.6731e-03
279	1.1411e-04	8.1620e-05	3.9926e-03
280	1.0551e-04	8.9578e-05	3.9037e-03
281	9.4605e-05	1.7600e-04	4.1725e-03
282	7.4478e-05	8.0389e-05	4.6199e-03
283	7.9954e-05	5.5219e-05	4.5959e-03
284	6.0146e-05	4.6783e-05	4.7631e-03
285	7.0205e-05	5.5318e-05	4.5444e-03
286	6.6322e-05	1.1243e-04	4.6475e-03
287	5.3934e-05	1.7664e-04	4.4795e-03
288	1.5936e-04	3.5782e-04	4.5236e-03
289	7.6519e-05	2.6433e-04	4.4637e-03
290	8.5455e-05	2.9421e-04	4.3206e-03
291	1.2832e-04	6.4200e-05	4.4303e-03
292	1.5633e-04	7.3159e-05	3.7385e-03
293	1.1420e-04	1.7842e-04	3.5409e-03
294	1.0128e-04	9.6488e-05	3.6936e-03
295	8.2126e-05	6.4452e-05	3.7483e-03
296	8.0013e-05	9.6703e-05	4.1562e-03
297	5.7895e-05	8.9812e-05	4.4912e-03
298	5.6561e-05	1.2033e-04	4.7469e-03
299	5.5666e-05	6.1297e-05	4.8672e-03
300	5.3890e-05	8.1419e-05	4.8048e-03
301	5.0802e-05	7.0004e-05	4.5995e-03
302	6.2238e-05	1.1724e-04	4.6494e-03
303	5.0712e-05	1.9721e-04	4.4533e-03
304	2.0513e-04	4.1640e-04	4.4144e-03
305	9.2634e-05	2.8206e-04	4.3210e-03
306	7.9459e-05	2.7445e-04	4.1216e-03
307	1.5225e-04	5.6925e-05	4.2656e-03
308	2.0029e-04	1.5214e-04	3.4885e-03
309	1.6004e-04	2.9409e-04	3.3270e-03
310	2.4856e-04	8.1393e-05	3.5972e-03
311	1.9625e-04	4.6004e-04	3.3983e-03
312	3.3332e-04	6.5887e-04	3.8733e-03
313	8.3936e-04	1.7217e-04	3.7901e-03
314	3.5658e-04	1.2507e-03	2.8176e-03
315	2.1332e-04	5.7534e-04	3.7686e-03
316	1.4915e-03	4.8936e-04	2.2332e-03
317	3.3440e-04	4.3981e-04	2.6173e-03
318	5.5285e-04	5.6209e-04	2.1294e-03
319	3.1023e-04	3.4201e-04	2.8018e-03
320	8.2909e-04	3.9440e-04	2.5558e-03
321	3.5060e-04	1.8213e-04	3.3467e-03
322	4.5720e-04	4.0997e-04	3.0520e-03
323	1.8073e-04	3.3595e-04	3.4857e-03
324	6.1962e-04	2.9724e-04	3.3764e-03
325	1.4546e-04	3.3111e-04	3.6973e-03
326	2.0115e-04	1.2194e-04	3.4960e-03
327	2.2903e-04	1.9405e-04	3.6067e-03
328	1.2990e-04	9.7767e-05	3.9025e-03
329	1.8711e-04	6.6182e-05	3.6749e-03
330	1.1762e-04	1.2499e-04	3.7032e-03
331	1.0317e-04	6.1307e-05	3.8770e-03
332	1.1538e-04	5.7066e-05	3.7895e-03
333	8.5354e-05	9.3156e-05	3.8750e-03
334	7.4095e-05	6.6506e-05	3.9857e-03
335	6.9964e-05	5.8598e-05	4.0184e-03
336	6.3702e-05	4.4663e-05	4.1120e-03
337	6.1462e-05	4.2418e-05	4.1163e-03
338	5.6569e-05	4.3894e-05	4.1866e-03
339	5.4373e-05	4.9347e-05	4.1828e-03
340	5.6326e-05	6.6960e-05	4.3104e-03
341	5.4858e-05	1.1700e-04	4.2087e-03
342	1.1616e-04	2.5656e-04	4.2659e-03
343	4.7738e-05	2.9748e-04	4.1266e-03
344	1.6674e-04	4.4510e-04	3.9782e-03
345	1.8596e-04	7.5799e-05	4.0933e-03
346	1.9892e-04	1.1092e-04	3.3498e-03
347	1.4500e-04	2.6311e-04	3.1759e-03
348	2.0236e-04	8.3854e-05	3.4176e-03
349	1.7239e-04	3.7167e-04	3.1573e-03
350	1.8020e-04	4.4539e-04	3.5198e-03
351	5.5969e-04	1.7261e-04	3.6175e-03
352	1.9883e-04	8.2848e-04	3.1196e-03
353	2.3254e-04	6.6573e-04	3.8686e-03
354	1.3040e-03	3.9326e-04	2.5360e-03
355	1.7942e-04	7.6160e-04	2.5401e-03
356	3.0293e-04	2.2195e-04	2.2758e-03
357	3.6759e-04	3.1132e-04	2.4351e-03
358	4.2402e-04	2.0991e-04	2.6442e-03
359	1.9801e-04	2.6243e-04	3.1662e-03
360	2.3129e-04	1.1557e-04	3.2617e-03
361	1.5962e-04	1.7789e-04	3.6210e-03
362	1.3868e-04	6.8016e-05	4.2047e-03
363	2.2464e-04	7.7239e-05	3.8857e-03
364	1.1806e-04	1.7408e-04	3.7831e-03
365	1.3787e-04	5.2210e-05	3.9853e-03
366	1.5154e-04	9.2492e-05	3.7525e-03
367	1.0841e-04	2.0118e-04	3.7744e-03
368	9.3834e-05	6.3030e-05	3.9521e-03
369	1.0940e-04	4.8143e-05	3.7241e-03
370	8.1839e-05	1.1288e-04	3.6445e-03
371	6.9154e-05	8.8807e-05	3.5685e-03
372	6.7011e-05	6.2980e-05	3.5010e-03
373	6.9690e-05	4.4105e-05	3.5822e-03
374	6.0524e-05	4.3432e-05	3.6603e-03
375	5.8695e-05	5.2626e-05	3.8757e-03
376	5.0124e-05	7.1024e-05	4.0020e-03
377	5.4596e-05	1.1149e-04	4.1826e-03
378	4.5824e-05	1.1897e-04	4.1432e-03
379	6.6021e-05	1.9889e-04	4.1294e-03
380	4.9292e-05	1.3604e-04	4.0244e-03
381	4.8926e-05	1.4597e-04	3.8899e-03
382	5.5054e-05	6.8582e-05	3.8856e-03
383	5.1181e-05	4.5299e-05	3.7455e-03
384	4.9840e-05	4.0983e-05	3.8138e-03
385	4.9945e-05	4.9626e-05	3.7878e-03
386	4.8174e-05	6.7747e-05	3.9163e-03
387	4.3862e-05	7.0295e-05	3.9662e-03
388	4.6116e-05	9.3625e-05	4.0864e-03
389	4.1658e-05	8.8767e-05	4.0730e-03
390	4.9847e-05	1.2975e-04	4.1205e-03
391	4.0645e-05	1.2319e-04	4.0146e-03
392	6.0366e-05	1.7789e-04	3.9812e-03
393	4.7296e-05	1.2767e-04	3.9152e-03
394	4.6330e-05	1.2950e-04	3.8375e-03
395	5.1257e-05	7.0613e-05	3.8617e-03
396	4.6234e-05	4.9495e-05	3.7738e-03
397	4.5915e-05	3.8449e-05	3.8449e-03
398	4.4667e-05	3.6940e-05	3.8511e-03
399	4.3240e-05	4.0686e-05	4.0040e-03
400	4.2039e-05	4.9429e-05	4.0360e-03
401	4.6424e-05	7.7410e-05	4.2162e-03
402	4.3121e-05	1.1532e-04	4.0936e-03
403	9.3316e-05	2.3957e-04	4.1228e-03
404	4.2444e-05	2.4416e-04	3.9315e-03
405	1.1364e-04	3.4226e-04	3.7613e-03
406	1.2280e-04	9.0162e-05	3.8009e-03
407	1.0644e-04	5.6320e-05	3.3457e-03
408	8.7661e-05	1.3324e-04	3.2649e-03
409	6.7299e-05	8.9235e-05	3.3970e-03
410	6.3538e-05	5.2777e-05	3.4464e-03
411	5.9388e-05	5.9109e-05	3.7482e-03
412	5.2163e-05	6.2763e-05	3.9176e-03
413	4.8380e-05	8.8575e-05	4.0995e-03
414	4.6571e-05	5.8312e-05	4.1746e-03
415	4.5479e-05	7.5212e-05	4.1855e-03
416	4.4202e-05	6.8614e-05	4.0672e-03
417	5.1296e-05	1.0696e-04	4.0886e-03
418	4.0993e-05	1.4734e-04	3.9106e-03
419	1.0191e-04	2.6439e-04	3.8516e-03
420	5.8340e-05	1.8760e-04	3.7450e-03
421	5.4479e-05	1.7130e-04	3.5949e-03
422	8.4541e-05	5.2334e-05	3.6546e-03
423	8.7917e-05	6.3879e-05	3.3569e-03
424	7.6926e-05	1.2874e-04	3.3461e-03
425	6.0962e-05	8.1811e-05	3.5215e-03
426	5.2238e-05	4.5853e-05	3.6217e-03
427	5.0021e-05	4.0042e-05	3.9300e-03
428	5.1891e-05	4.5639e-05	4.0043e-03
429	4.7519e-05	8.3758e-05	4.1621e-03
430	4.6401e-05	8.8229e-05	4.0409e-03
431	6.1716e-05	1.6440e-04	4.0453e-03
432	4.0800e-05	1.6783e-04	3.8588e-03
433	8.4726e-05	2.5289e-04	3.7597e-03
434	6.7104e-05	1.2633e-04	3.7282e-03
435	4.7566e-05	7.9196e-05	3.5394e-03
436	5.9662e-05	4.2160e-05	3.5831e-03
437	6.2267e-05	5.6843e-05	3.4345e-03
438	5.7754e-05	9.0510e-05	3.5108e-03
439	4.6528e-05	7.7411e-05	3.6526e-03
440	4.3221e-05	7.0302e-05	3.8052e-03
441	4.2435e-05	4.7009e-05	3.9863e-03
442	4.1724e-05	4.9131e-05	4.0681e-03
443	4.1118e-05	4.0457e-05	4.0478e-03
444	4.0362e-05	5.4038e-05	4.0728e-03
445	4.1516e-05	7.3516e-05	3.9059e-03
446	6.8275e-05	1.4530e-04	3.9736e-03
447	3.8133e-05	2.3743e-04	3.8048e-03
448	1.9931e-04	4.4582e-04	3.6400e-03
449	1.3327e-04	1.6707e-04	3.5901e-03
450	7.8742e-05	6.2682e-05	3.2183e-03
451	8.7394e-05	7.8081e-05	3.1893e-03
452	6.6762e-05	1.1759e-04	3.1425e-03
453	6.1843e-05	1.0662e-04	3.2402e-03
454	7.5632e-05	4.9070e-05	3.6444e-03
455	7.9433e-05	6.9619e-05	3.6595e-03
456	6.3759e-05	1.4877e-04	3.8591e-03
457	5.1778e-05	7.7514e-05	4.0221e-03
458	5.0225e-05	7.5679e-05	3.9590e-03
459	4.6258e-05	3.8999e-05	3.9436e-03
460	4.5013e-05	3.5640e-05	3.8257e-03
461	4.0614e-05	3.1839e-05	3.8027e-03
462	3.9000e-05	3.0757e-05	3.8045e-03
463	3.8372e-05	3.0308e-05	3.8648e-03
464	3.7874e-05	3.0498e-05	3.9007e-03
465	3.8332e-05	3.0986e-05	3.9557e-03
466	3.7976e-05	3.5559e-05	3.9108e-03
467	4.2431e-05	4.5729e-05	3.9958e-03
468	4.2077e-05	9.7540e-05	3.8416e-03
469	1.2483e-04	2.3526e-04	3.8839e-03
470	3.5255e-05	4.1565e-04	3.7828e-03
471	4.0716e-04	7.4259e-04	3.4811e-03
472	3.8611e-04	8.9930e-05	3.4816e-03
473	4.3243e-04	4.1504e-04	2.4987e-03
474	3.2371e-04	5.3697e-04	3.0489e-03
475	1.0301e-03	3.0565e-04	1.9450e-03
476	2.0510e-04	7.2503e-04	2.1454e-03
477	2.8055e-04	2.1976e-04	2.2121e-03
478	3.4717e-04	2.9754e-04	2.4815e-03
479	3.2134e-04	1.5748e-04	3.0258e-03
480	2.0928e-04	2.3867e-04	3.2534e-03
481	1.4057e-04	1.6440e-04	3.3174e-03
482	2.2555e-04	1.6050e-04	3.6022e-03
483	1.2466e-04	1.5558e-04	3.6107e-03
484	1.1646e-04	1.4031e-04	3.4656e-03
485	1.5214e-04	7.1550e-05	3.6583e-03
486	1.4671e-04	1.5373e-04	3.3575e-03
487	9.5819e-05	2.4628e-04	3.2802e-03
488	1.6122e-04	4.7164e-05	3.3840e-03
489	1.8491e-04	2.2560e-04	2.9897e-03
490	1.4314e-04	3.5190e-04	2.9970e-03
491	3.4113e-04	7.7662e-05	2.8270e-03
492	2.0159e-04	6.5104e-04	2.5735e-03
493	2.1677e-04	5.3328e-04	3.2778e-03
494	9.5929e-04	2.6791e-04	2.1924e-03
495	1.6276e-04	7.5956e-04	2.1536e-03
496	2.2420e-04	1.5588e-04	2.2654e-03
497	4.2012e-04	2.8278e-04	2.2307e-03
498	3.2238e-04	1.3756e-04	2.4604e-03
499	2.1929e-04	3.3158e-04	2.6128e-03
500	1.4049e-04	1.5574e-04	2.8653e-03
501	2.6929e-04	1.9810e-04	3.0989e-03
502	1.0805e-04	1.0392e-04	3.5368e-03
503	2.0805e-04	5.7110e-05	3.2976e-03
504	1.1800e-04	1.3329e-04	3.3150e-03
505	1.0140e-04	5.2916e-05	3.4448e-03
506	1.2947e-04	4.6729e-05	3.2757e-03
507	8.2048e-05	9.0312e-05	3.2884e-03
508	6.8982e-05	4.7535e-05	3.3568e-03
509	7.5403e-05	3.9787e-05	3.2693e-03
510	5.9392e-05	5.3357e-05	3.2624e-03
511	5.5800e-05	5.3078e-05	3.2181e-03
512	5.2006e-05	5.1341e-05	3.2009e-03
513	5.1038e-05	4.1920e-05	3.2453e-03
514	4.7429e-05	3.4633e-05	3.3015e-03
515	4.6124e-05	3.3580e-05	3.4131e-03
516	4.2450e-05	3.5575e-05	3.4953e-03
517	4.1859e-05	3.8932e-05	3.5922e-03
518	4.0357e-05	4.9331e-05	3.5847e-03
519	4.5632e-05	7.4160e-05	3.6238e-03
520	4.0843e-05	1.2631e-04	3.4933e-03
521	9.0989e-05	2.3753e-04	3.4018e-03
522	4.8221e-05	1.8945e-04	3.2708e-03
523	4.8748e-05	1.6261e-04	3.1493e-03
524	7.7876e-05	5.1286e-05	3.1945e-03
525	7.9090e-05	7.0188e-05	3.0153e-03
526	6.8187e-05	1.3195e-04	3.0255e-03
527	6.2950e-05	6.1106e-05	3.2139e-03
528	6.4703e-05	4.5983e-05	3.2105e-03
529	5.2601e-05	8.2347e-05	3.3840e-03
530	4.2675e-05	6.8067e-05	3.5059e-03
531	4.2279e-05	7.3639e-05	3.5670e-03
532	4.2326e-05	4.2475e-05	3.6315e-03
533	4.2499e-05	3.9402e-05	3.5867e-03
534	3.9170e-05	3.1898e-05	3.5652e-03
535	3.7771e-05	3.0842e-05	3.5281e-03
536	3.6419e-05	3.0304e-05	3.5139e-03
537	3.5775e-05	2.9709e-05	3.5165e-03
538	3.5531e-05	3.0954e-05	3.5107e-03
539	3.6511e-05	3.1060e-05	3.5321e-03
540	3.5777e-05	3.8342e-05	3.5027e-03
541	4.1236e-05	4.7595e-05	3.5448e-03
542	3.7334e-05	9.0610e-05	3.4588e-03
543	7.8687e-05	1.7228e-04	3.4497e-03
544	3.5192e-05	2.4544e-04	3.3275e-03
545	1.2741e-04	3.5023e-04	3.1862e-03
546	1.2661e-04	9.6046e-05	3.1745e-03
547	1.0302e-04	6.2142e-05	2.8662e-03
548	8.6547e-05	1.4139e-04	2.8252e-03
549	7.4374e-05	6.9976e-05	3.0087e-03
550	7.8944e-05	6.3566e-05	3.0103e-03
551	5.9879e-05	1.0756e-04	3.1900e-03
552	5.2009e-05	4.9660e-05	3.4813e-03
553	6.4272e-05	3.4192e-05	3.4739e-03
554	4.8833e-05	5.0019e-05	3.5933e-03
555	5.1613e-05	5.6791e-05	3.5044e-03
556	4.8162e-05	9.5477e-05	3.4982e-03
557	4.0900e-05	8.7290e-05	3.4223e-03
558	4.3848e-05	1.0769e-04	3.3801e-03
559	3.9785e-05	8.0387e-05	3.3227e-03
560	3.9747e-05	7.3394e-05	3.2529e-03
561	4.2997e-05	5.0651e-05	3.2241e-03
562	4.1007e-05	3.7361e-05	3.1861e-03
563	4.1525e-05	3.2449e-05	3.2325e-03
564	3.8333e-05	3.0137e-05	3.2868e-03
565	3.7841e-05	3.0548e-05	3.4098e-03
566	3.6021e-05	3.4433e-05	3.4836e-03
567	3.7234e-05	4.2881e-05	3.5948e-03
568	3.7784e-05	5.7547e-05	3.5357e-03
569	4.9499e-05	1.0367e-04	3.5628e-03
570	3.6688e-05	1.5502e-04	3.3896e-03
571	1.0141e-04	2.7108e-04	3.2561e-03
572	6.0864e-05	1.6422e-04	3.1363e-03
573	4.1139e-05	9.7252e-05	2.9894e-03
574	6.8859e-05	4.4650e-05	3.0421e-03
575	6.9471e-05	7.9680e-05	2.9296e-03
576	5.9788e-05	1.2178e-04	2.9860e-03
577	5.8826e-05	5.4355e-05	3.2191e-03
578	6.1693e-05	3.8224e-05	3.2221e-03
579	4.9317e-05	7.1549e-05	3.4009e-03
580	4.2213e-05	7.2987e-05	3.4339e-03
581	4.2789e-05	1.0339e-04	3.4650e-03
582	3.9965e-05	6.7481e-05	3.4476e-03
583	3.7843e-05	6.8917e-05	3.3831e-03
584	3.7256e-05	4.9337e-05	3.3339e-03
585	3.6157e-05	4.5943e-05	3.2883e-03
586	3.6351e-05	4.0933e-05	3.2741e-03
587	3.6356e-05	3.8520e-05	3.2855e-03
588	3.5945e-05	3.9912e-05	3.3023e-03
589	3.6543e-05	4.1246e-05	3.3518e-03
590	3.5013e-05	4.9713e-05	3.3559e-03
591	3.9998e-05	6.5429e-05	3.4183e-03
592	3.5037e-05	9.4875e-05	3.3542e-03
593	6.3117e-05	1.5983e-04	3.3523e-03
594	3.5128e-05	1.6933e-04	3.2464e-03
595	6.4269e-05	2.1047e-04	3.1522e-03
596	6.7128e-05	8.3074e-05	3.1603e-03
597	6.0772e-05	4.0681e-05	2.9669e-03
598	5.6197e-05	5.8883e-05	3.0053e-03
599	4.4713e-05	7.6460e-05	3.0337e-03
600	4.2746e-05	7.8912e-05	3.1328e-03
601	4.4740e-05	4.0762e-05	3.3491e-03
602	4.9141e-05	3.0984e-05	3.3564e-03
603	4.0768e-05	3.9582e-05	3.4633e-03
604	4.2804e-05	4.7678e-05	3.3881e-03
605	4.2226e-05	7.7803e-05	3.4087e-03
606	3.6180e-05	9.8917e-05	3.3142e-03
607	5.9010e-05	1.5469e-04	3.2880e-03
608	3.6490e-05	1.5249e-04	3.1888e-03
609	5.5944e-05	1.7480e-04	3.0953e-03
610	5.9966e-05	8.0538e-05	3.0658e-03
611	5.2792e-05	3.8839e-05	2.9342e-03
612	5.3905e-05	4.2974e-05	2.9865e-03
613	4.4588e-05	6.6454e-05	3.0201e-03
614	4.3410e-05	7.9415e-05	3.1488e-03
615	4.0267e-05	5.1629e-05	3.3325e-03
616	4.0970e-05	4.1724e-05	3.3788e-03
617	3.8555e-05	2.9072e-05	3.4509e-03
618	4.0992e-05	2.8524e-05	3.3804e-03
619	3.6819e-05	3.1472e-05	3.3770e-03
620	3.6312e-05	3.6754e-05	3.3185e-03
621	3.7651e-05	4.6537e-05	3.3591e-03
622	3.5163e-05	6.9801e-05	3.2959e-03
623	5.4987e-05	1.1776e-04	3.3143e-03
624	3.4720e-05	1.6572e-04	3.1948e-03
625	9.3923e-05	2.5041e-04	3.0748e-03
626	6.3123e-05	1.4773e-04	2.9825e-03
627	4.3445e-05	7.8675e-05	2.8692e-03
628	6.5942e-05	4.2323e-05	2.9525e-03
629	6.1673e-05	7.2784e-05	2.9047e-03
630	5.2436e-05	1.0841e-04	3.0088e-03
631	4.8024e-05	5.5105e-05	3.2439e-03
632	5.3750e-05	3.4588e-05	3.2488e-03
633	4.4160e-05	4.0018e-05	3.3947e-03
634	4.8616e-05	4.8242e-05	3.3066e-03
635	4.3405e-05	8.2053e-05	3.3199e-03
636	3.6797e-05	8.5027e-05	3.2466e-03
637	4.2722e-05	1.0967e-04	3.2251e-03
638	3.5536e-05	9.6835e-05	3.1647e-03
639	3.9798e-05	9.9842e-05	3.1088e-03
640	4.0907e-05	7.0155e-05	3.0752e-03
641	3.8196e-05	4.9457e-05	3.0280e-03
642	4.0453e-05	3.6541e-05	3.0740e-03
643	3.6947e-05	2.9655e-05	3.1135e-03
644	3.6374e-05	2.9468e-05	3.2410e-03
645	3.5298e-05	3.2220e-05	3.3030e-03
646	3.5240e-05	4.0639e-05	3.4055e-03
647	3.6305e-05	4.7723e-05	3.3564e-03
648	3.9790e-05	7.3217e-05	3.3842e-03
649	3.5535e-05	1.0324e-04	3.2354e-03
650	7.2008e-05	1.7963e-04	3.1760e-03
651	3.4702e-05	1.8982e-04	3.0443e-03
652	6.6070e-05	2.1529e-04	2.9403e-03
653	8.2349e-05	7.3862e-05	2.9685e-03
654	8.6210e-05	4.9163e-05	2.7465e-03
655	7.0209e-05	9.7982e-05	2.7626e-03
656	4.7329e-05	8.0620e-05	2.9104e-03
657	4.5925e-05	4.7356e-05	3.0226e-03
658	4.6068e-05	3.4256e-05	3.2878e-03
659	5.2371e-05	3.8176e-05	3.2907e-03
660	4.2412e-05	7.0818e-05	3.3551e-03
661	3.9910e-05	6.9607e-05	3.2676e-03
662	4.1804e-05	9.6422e-05	3.2377e-03
663	3.4573e-05	9.6960e-05	3.1552e-03
664	4.3298e-05	1.1555e-04	3.1143e-03
665	3.7202e-05	9.8451e-05	3.0546e-03
666	3.9197e-05	8.6564e-05	2.9944e-03
667	4.3727e-05	5.5145e-05	2.9914e-03
668	3.9649e-05	3.5508e-05	2.9648e-03
669	3.9959e-05	3.0145e-05	3.0581e-03
670	3.6837e-05	3.2855e-05	3.1194e-03
671	3.6372e-05	4.1279e-05	3.2631e-03
672	3.6039e-05	4.7800e-05	3.2849e-03
673	3.7995e-05	7.2258e-05	3.3480e-03
674	3.5287e-05	8.1115e-05	3.2424e-03
675	4.6567e-05	1.2215e-04	3.2046e-03
676	3.2422e-05	1.3298e-04	3.0727e-03
677	5.8130e-05	1.7380e-04	2.9888e-03
678	4.8065e-05	1.0537e-04	2.9542e-03
679	4.2010e-05	5.8471e-05	2.8572e-03
680	5.2112e-05	3.6848e-05	2.9323e-03
681	4.9571e-05	5.2136e-05	2.9095e-03
682	4.4743e-05	7.7850e-05	3.0220e-03
683	3.6180e-05	6.5313e-05	3.1472e-03
684	3.5583e-05	6.2522e-05	3.2157e-03
685	3.6039e-05	3.9071e-05	3.2789e-03
686	3.6301e-05	3.7420e-05	3.2321e-03
687	3.3788e-05	3.1099e-05	3.1957e-03
688	3.2801e-05	2.9960e-05	3.1701e-03
689	3.2225e-05	3.0908e-05	3.1678e-03
690	3.2628e-05	3.0731e-05	3.2059e-03
691	3.2244e-05	3.6001e-05	3.1953e-03
692	3.5530e-05	4.2986e-05	3.2364e-03
693	3.4223e-05	6.7142e-05	3.1524e-03
694	5.4741e-05	1.0787e-04	3.1698e-03
695	3.2707e-05	1.7960e-04	3.0652e-03
696	1.2363e-04	2.9899e-04	2.9553e-03
697	6.3729e-05	1.8420e-04	2.8678e-03
698	4.3518e-05	1.0247e-04	2.7308e-03
699	8.2686e-05	5.1972e-05	2.8125e-03
700	8.1849e-05	1.0177e-04	2.6732e-03
701	5.9168e-05	1.3539e-04	2.7422e-03
702	7.3244e-05	4.6884e-05	3.0457e-03
703	9.0606e-05	4.7651e-05	2.9588e-03
704	5.9139e-05	1.1353e-04	3.0615e-03
705	4.1900e-05	7.9345e-05	3.1301e-03
706	4.0584e-05	6.9589e-05	3.0805e-03
707	4.1409e-05	3.3894e-05	3.1067e-03
708	4.2506e-05	2.8455e-05	3.0068e-03
709	3.9308e-05	3.3723e-05	3.0260e-03
710	3.6570e-05	5.0093e-05	3.0127e-03
711	4.3347e-05	6.8151e-05	3.0741e-03
712	3.4788e-05	9.4825e-05	3.0620e-03
713	5.1351e-05	1.2942e-04	3.0634e-03
714	3.4548e-05	1.3531e-04	2.9871e-03
715	5.1098e-05	1.5896e-04	2.9186e-03
716	4.7185e-05	8.9420e-05	2.9051e-03
717	4.2002e-05	4.8942e-05	2.8209e-03
718	4.7930e-05	3.5617e-05	2.9124e-03
719	4.7988e-05	4.9392e-05	2.8945e-03
720	4.2001e-05	7.3776e-05	2.9896e-03
721	3.6888e-05	5.5895e-05	3.0823e-03
722	3.6735e-05	5.2782e-05	3.0974e-03
723	3.5727e-05	3.3096e-05	3.1368e-03
724	3.5911e-05	2.9994e-05	3.0826e-03
725	3.2938e-05	2.7466e-05	3.0870e-03
726	3.2067e-05	2.7797e-05	3.0770e-03
727	3.2432e-05	2.8620e-05	3.1261e-03
728	3.1723e-05	3.3697e-05	3.1250e-03
729	3.5210e-05	4.0675e-05	3.1782e-03
730	3.4051e-05	6.4166e-05	3.1007e-03
731	5.5582e-05	1.0565e-04	3.1201e-03
732	3.3336e-05	1.8635e-04	3.0117e-03
733	1.4613e-04	3.2718e-04	2.8655e-03
734	6.4298e-05	2.1641e-04	2.7343e-03
735	4.4031e-05	1.2030e-04	2.6037e-03
736	1.0180e-04	5.8877e-05	2.6724e-03
737	9.4369e-05	1.2613e-04	2.5321e-03
738	6.3271e-05	1.5038e-04	2.6173e-03
739	9.7500e-05	4.6773e-05	2.9647e-03
740	1.2161e-04	7.8692e-05	2.8115e-03
741	7.0810e-05	1.7305e-04	2.8657e-03
742	6.2419e-05	6.2224e-05	3.0451e-03
743	7.8286e-05	3.2178e-05	2.8704e-03
744	5.4002e-05	5.6243e-05	2.8894e-03
745	4.1943e-05	8.0806e-05	2.8388e-03
746	4.3684e-05	9.9325e-05	2.8516e-03
747	4.0852e-05	7.1062e-05	2.8906e-03
748	3.7721e-05	4.9165e-05	2.8874e-03
749	4.0742e-05	3.1698e-05	2.9345e-03
750	3.8565e-05	2.8044e-05	2.9203e-03
751	3.6900e-05	3.1848e-05	2.9815e-03
752	3.4906e-05	4.1247e-05	2.9961e-03
753	3.7137e-05	5.6225e-05	3.0713e-03
754	3.3482e-05	6.8377e-05	3.0411e-03
755	4.0764e-05	9.8856e-05	3.0429e-03
756	3.1758e-05	9.9751e-05	2.9508e-03
757	4.0857e-05	1.2080e-04	2.8815e-03
758	3.7092e-05	8.3499e-05	2.8406e-03
759	3.4564e-05	5.7668e-05	2.7852e-03
760	4.0847e-05	3.5026e-05	2.8593e-03
761	4.1066e-05	3.3028e-05	2.8523e-03
762	3.6992e-05	4.4480e-05	2.9618e-03
763	3.3714e-05	4.9302e-05	2.9997e-03
764	3.4082e-05	6.4521e-05	3.0704e-03
765	3.1640e-05	6.0625e-05	3.0537e-03
766	3.4307e-05	7.6834e-05	3.0524e-03
767	3.0571e-05	7.9501e-05	2.9689e-03
768	3.8812e-05	9.7286e-05	2.9341e-03
769	3.1166e-05	9.9293e-05	2.8703e-03
770	4.0120e-05	1.0892e-04	2.8422e-03
771	3.6259e-05	8.2176e-05	2.8358e-03
772	3.3654e-05	6.2610e-05	2.8095e-03
773	3.8382e-05	3.7249e-05	2.8810e-03
774	3.9000e-05	3.0066e-05	2.8564e-03
775	3.5547e-05	3.3648e-05	2.9553e-03
776	3.5256e-05	3.8407e-05	2.9723e-03
777	3.4608e-05	5.2913e-05	3.0525e-03
778	3.2655e-05	5.5551e-05	3.0195e-03
779	3.5562e-05	7.5564e-05	3.0219e-03
780	3.0882e-05	8.3587e-05	2.9270e-03
781	4.3597e-05	1.0892e-04	2.8902e-03
782	3.1530e-05	1.1744e-04	2.8122e-03
783	4.6987e-05	1.3443e-04	2.7691e-03
784	4.1295e-05	9.0377e-05	2.7672e-03
785	3.7721e-05	5.5997e-05	2.7149e-03
786	4.5765e-05	3.3269e-05	2.8163e-03
787	4.7938e-05	3.9374e-05	2.7782e-03
788	4.0828e-05	6.0779e-05	2.8802e-03
789	3.4384e-05	5.7985e-05	2.9445e-03
790	3.3904e-05	6.6175e-05	2.9868e-03
791	3.3072e-05	4.5577e-05	2.9897e-03
792	3.2265e-05	4.4766e-05	2.9256e-03
793	3.1542e-05	3.5822e-05	2.8909e-03
794	3.0859e-05	3.2145e-05	2.8759e-03
795	3.1028e-05	3.1668e-05	2.9024e-03
796	3.0857e-05	3.0280e-05	2.9502e-03
797	3.0443e-05	3.1798e-05	2.9688e-03
798	3.0963e-05	3.4429e-05	3.0059e-03
799	3.0403e-05	4.0677e-05	2.9675e-03
800	3.5094e-05	5.1590e-05	3.0112e-03
801	3.1180e-05	7.2619e-05	2.9390e-03
802	5.0277e-05	1.0944e-04	2.9613e-03
803	3.0555e-05	1.4753e-04	2.8434e-03
804	7.8714e-05	2.1625e-04	2.7543e-03
805	4.7216e-05	1.3954e-04	2.6899e-03
806	4.1404e-05	8.3286e-05	2.5722e-03
807	6.7068e-05	4.4612e-05	2.6674e-03
808	6.7111e-05	6.7711e-05	2.5828e-03
809	4.9908e-05	9.7858e-05	2.6858e-03
810	4.2112e-05	5.7527e-05	2.8998e-03
811	4.8612e-05	3.9694e-05	2.8870e-03
812	4.1113e-05	3.0459e-05	2.9864e-03
813	4.6860e-05	3.6950e-05	2.8587e-03
814	4.0498e-05	5.9827e-05	2.8618e-03
815	3.2610e-05	8.0942e-05	2.8337e-03
816	4.6253e-05	1.0475e-04	2.8577e-03
817	3.2759e-05	1.1969e-04	2.8075e-03
818	5.0208e-05	1.4331e-04	2.7477e-03
819	4.0654e-05	1.0458e-04	2.6867e-03
820	3.5834e-05	6.8170e-05	2.6216e-03
821	4.8211e-05	3.5750e-05	2.7039e-03
822	5.0010e-05	3.5598e-05	2.6762e-03
823	4.2310e-05	5.4640e-05	2.7958e-03
824	3.5587e-05	5.1181e-05	2.8714e-03
825	3.4478e-05	5.8262e-05	2.9014e-03
826	3.3844e-05	3.6725e-05	2.9159e-03
827	3.4275e-05	3.4051e-05	2.8369e-03
828	3.1994e-05	2.7818e-05	2.8319e-03
829	3.1073e-05	2.6716e-05	2.8203e-03
830	3.1367e-05	2.7252e-05	2.8783e-03
831	3.0478e-05	3.0417e-05	2.8959e-03
832	3.2073e-05	3.4550e-05	2.9474e-03
833	3.0905e-05	4.4258e-05	2.9039e-03
834	3.8814e-05	5.9437e-05	2.9416e-03
835	3.1504e-05	9.2068e-05	2.8609e-03
836	6.8744e-05	1.4988e-04	2.8508e-03
837	2.9532e-05	2.0102e-04	2.7322e-03
838	9.7508e-05	2.7460e-04	2.6110e-03
839	8.0369e-05	1.1362e-04	2.6251e-03
840	9.9274e-05	5.3168e-05	2.3520e-03
841	8.9370e-05	9.1651e-05	2.3661e-03
842	4.8053e-05	9.7313e-05	2.5305e-03
843	4.8723e-05	6.0980e-05	2.6648e-03
844	5.3915e-05	3.6208e-05	2.9478e-03
845	6.9636e-05	3.6601e-05	2.8273e-03
846	4.1908e-05	6.8350e-05	2.8034e-03
847	3.6109e-05	6.5070e-05	2.7607e-03
848	3.5794e-05	6.6087e-05	2.7713e-03
849	3.3346e-05	5.7529e-05	2.7876e-03
850	3.4067e-05	5.3417e-05	2.7711e-03
851	3.5459e-05	4.4152e-05	2.7343e-03
852	3.4098e-05	3.7656e-05	2.7012e-03
853	3.3763e-05	3.3963e-05	2.7289e-03
854	3.1179e-05	2.9325e-05	2.7822e-03
855	3.0623e-05	2.7378e-05	2.8668e-03
856	3.0626e-05	2.7246e-05	2.8970e-03
857	3.0028e-05	2.6432e-05	2.9008e-03
858	3.0124e-05	2.6407e-05	2.8581e-03
859	2.9058e-05	2.6630e-05	2.8406e-03
860	2.8564e-05	2.6934e-05	2.8299e-03
861	2.8421e-05	2.7183e-05	2.8556e-03
862	2.8253e-05	2.8299e-05	2.8552e-03
863	2.8869e-05	2.9611e-05	2.8796e-03
864	2.8471e-05	3.3679e-05	2.8493e-03
865	3.1575e-05	3.8668e-05	2.8908e-03
866	2.9187e-05	5.3858e-05	2.8481e-03
867	4.3704e-05	7.8421e-05	2.9050e-03
868	3.1763e-05	1.2166e-04	2.7965e-03
869	9.5240e-05	2.1436e-04	2.7201e-03
870	3.1662e-05	2.2843e-04	2.5760e-03
871	6.7877e-05	2.4014e-04	2.4739e-03
872	1.1022e-04	7.1951e-05	2.5771e-03
873	1.5382e-04	8.0950e-05	2.2335e-03
874	9.3644e-05	1.4729e-04	2.2633e-03
875	7.9423e-05	6.8341e-05	2.5886e-03
876	1.0133e-04	4.3116e-05	2.5863e-03
877	5.9460e-05	9.6821e-05	2.7474e-03
878	4.1391e-05	6.6952e-05	2.8006e-03
879	4.0759e-05	6.6140e-05	2.7150e-03
880	4.1399e-05	3.2105e-05	2.7111e-03
881	4.3074e-05	2.8223e-05	2.6370e-03
882	4.1511e-05	3.5740e-05	2.6796e-03
883	3.5595e-05	5.1817e-05	2.7065e-03
884	4.1683e-05	6.7408e-05	2.7494e-03
885	3.4214e-05	7.8565e-05	2.7169e-03
886	4.1193e-05	9.3512e-05	2.6890e-03
887	3.2259e-05	8.7126e-05	2.6520e-03
888	3.3060e-05	7.8607e-05	2.6327e-03
889	3.4513e-05	5.2021e-05	2.6657e-03
890	3.5375e-05	3.8820e-05	2.6339e-03
891	3.6370e-05	2.9522e-05	2.7049e-03
892	3.9801e-05	3.1538e-05	2.6641e-03
893	3.3165e-05	4.0866e-05	2.7068e-03
894	3.0911e-05	3.8954e-05	2.7290e-03
895	2.9671e-05	4.1681e-05	2.7582e-03
896	2.8867e-05	3.5946e-05	2.7716e-03
897	2.8497e-05	3.5671e-05	2.7666e-03
898	2.8315e-05	3.4057e-05	2.7562e-03
899	2.8684e-05	3.3399e-05	2.7686e-03
900	2.8106e-05	3.6166e-05	2.7701e-03
901	3.0033e-05	3.8688e-05	2.8077e-03
902	2.8479e-05	4.5598e-05	2.7794e-03
903	3.4111e-05	5.7913e-05	2.8026e-03
904	2.9221e-05	7.3656e-05	2.7245e-03
905	4.3779e-05	1.0144e-04	2.7179e-03
906	2.8351e-05	1.1961e-04	2.6382e-03
907	4.8371e-05	1.4990e-04	2.5957e-03
908	3.6846e-05	1.0221e-04	2.5785e-03
909	3.6299e-05	6.6731e-05	2.4982e-03
910	4.9846e-05	3.5761e-05	2.5894e-03
911	5.4293e-05	4.1443e-05	2.5172e-03
912	4.0710e-05	5.9415e-05	2.6072e-03
913	3.2458e-05	5.3223e-05	2.7042e-03
914	3.1498e-05	5.3825e-05	2.7460e-03
915	3.1516e-05	3.3220e-05	2.7764e-03
916	3.3665e-05	3.0074e-05	2.6844e-03
917	3.1700e-05	2.6441e-05	2.6765e-03
918	3.0903e-05	2.7965e-05	2.6662e-03
919	3.2352e-05	2.9857e-05	2.7330e-03
920	3.0072e-05	3.4433e-05	2.7500e-03
921	3.1662e-05	4.0587e-05	2.7818e-03
922	2.9765e-05	4.5985e-05	2.7212e-03
923	3.4078e-05	5.6100e-05	2.7220e-03
924	2.8470e-05	6.8787e-05	2.6698e-03
925	3.7859e-05	8.5257e-05	2.6854e-03
926	2.8347e-05	8.6927e-05	2.6389e-03
927	3.2887e-05	9.3172e-05	2.6073e-03
928	3.2295e-05	6.4836e-05	2.6017e-03
929	3.2894e-05	4.7708e-05	2.5409e-03
930	3.7504e-05	3.1471e-05	2.6232e-03
931	3.9452e-05	3.0292e-05	2.5933e-03
932	3.4182e-05	3.7591e-05	2.6895e-03
933	3.0619e-05	3.9939e-05	2.7127e-03
934	2.9672e-05	4.7685e-05	2.7523e-03
935	2.8347e-05	4.5543e-05	2.7201e-03
936	2.9833e-05	4.9978e-05	2.7091e-03
937	2.8032e-05	5.4124e-05	2.6632e-03
938	3.3074e-05	5.7856e-05	2.6734e-03
939	2.8310e-05	6.4728e-05	2.6432e-03
940	3.3877e-05	7.1981e-05	2.6520e-03
941	2.8472e-05	6.7509e-05	2.6242e-03
942	2.9756e-05	6.5966e-05	2.6070e-03
943	3.0149e-05	4.8946e-05	2.6246e-03
944	3.0911e-05	3.9605e-05	2.5875e-03
945	3.3037e-05	2.8971e-05	2.6630e-03
946	3.5270e-05	2.7267e-05	2.6203e-03
947	3.1714e-05	3.0584e-05	2.6852e-03
948	3.0121e-05	3.2983e-05	2.6761e-03
949	2.8538e-05	3.6162e-05	2.7088e-03
950	2.7627e-05	3.6516e-05	2.7005e-03
951	2.8446e-05	3.7817e-05	2.7157e-03
952	2.7535e-05	3.9622e-05	2.6931e-03
953	2.9552e-05	4.1264e-05	2.7124e-03
954	2.7528e-05	4.5515e-05	2.6790e-03
955	3.1376e-05	5.1208e-05	2.7052e-03
956	2.7698e-05	5.6198e-05	2.6538e-03
957	3.2587e-05	6.5716e-05	2.6669e-03
958	2.7583e-05	6.6700e-05	2.6156e-03
959	3.0962e-05	7.1538e-05	2.6105e-03
960	2.8376e-05	6.0715e-05	2.6032e-03
961	2.8509e-05	5.3331e-05	2.5767e-03
962	3.1022e-05	3.7501e-05	2.6325e-03
963	3.3698e-05	2.9658e-05	2.5784e-03
964	3.3178e-05	2.6858e-05	2.6635e-03
965	3.2049e-05	2.8875e-05	2.6448e-03
966	3.0054e-05	3.3203e-05	2.7108e-03
967	2.8539e-05	3.5708e-05	2.6933e-03
968	2.8461e-05	3.8208e-05	2.7103e-03
969	2.7471e-05	4.0458e-05	2.6747e-03
970	2.9956e-05	4.2386e-05	2.6945e-03
971	2.7579e-05	4.7111e-05	2.6551e-03
972	3.1757e-05	5.2204e-05	2.6783e-03
973	2.7672e-05	5.7007e-05	2.6230e-03
974	3.2536e-05	6.4998e-05	2.6364e-03
975	2.7410e-05	6.5685e-05	2.5936e-03
976	3.0592e-05	6.9720e-05	2.5988e-03
977	2.8202e-05	5.8076e-05	2.5932e-03
978	2.8444e-05	5.1535e-05	2.5607e-03
979	3.0771e-05	3.7041e-05	2.6121e-03
980	3.2944e-05	2.9567e-05	2.5604e-03
981	3.2749e-05	2.6478e-05	2.6434e-03
982	3.1616e-05	2.7784e-05	2.6241e-03
983	2.9894e-05	3.1202e-05	2.6879e-03
984	2.8497e-05	3.3841e-05	2.6668e-03
985	2.8361e-05	3.5656e-05	2.6876e-03
986	2.7287e-05	3.8154e-05	2.6612e-03
987	2.8140e-05	3.6945e-05	2.6762e-03
988	2.6916e-05	3.9246e-05	2.6583e-03
989	2.7463e-05	3.7375e-05	2.6694e-03
990	2.6516e-05	3.7966e-05	2.6549e-03
991	2.6633e-05	3.5691e-05	2.6560e-03
992	2.6356e-05	3.5043e-05	2.6543e-03
993	2.6357e-05	3.2530e-05	2.6541e-03
994	2.6464e-05	3.1079e-05	2.6673e-03
995	2.6389e-05	2.9047e-05	2.6593e-03
996	2.6451e-05	2.8093e-05	2.6747e-03
997	2.6236e-05	2.6680e-05	2.6684e-03
998	2.6337e-05	2.6492e-05	2.6869e-03
999	2.6080e-05	2.5768e-05	2.6883e-03